>ENSG00000152430	12	BOLL	monomeric
0.09533898305084745	0.026483050847457626	0.3802966101694915	0.4978813559322034
0.1289550196682059	0.06310928681375064	0.24080725158200786	0.5671284419360356
0.08423493044822257	0.008500772797527048	0.6406491499227203	0.26661514683153015
0.045454545454545456	0.008937691521961185	0.0988253319713994	0.8467824310520939
0.03574307981725343	0.017737167428110722	0.05536146197258801	0.8911582907820479
0.10046278441959121	0.001349787890474354	0.6394138064018512	0.2587736212880833
0.07860173772479288	0.0662760153566377	0.18508789654475652	0.6700343503738129
0.030049706281066426	0.0018075011296882061	0.7492092182557614	0.21893357433348395
0.020546163849154746	0.0005201560468140442	0.1165149544863459	0.8624187256176853
0.03158418303904501	0.005222581447401144	0.1385227555334494	0.8246704799801045
0.20678362573099415	0.017543859649122806	0.4269005847953216	0.3487719298245614
0.1601572095308278	0.025546548759518548	0.40555146155735694	0.40874478015229676
>ENSG00000153048	14	CARHSP1	dimeric
0.006138735420503376	0.0	0.9938612645794966	0.0
0.0	0.8702081051478642	0.00547645125958379	0.12431544359255203
0.001212856276531231	0.9830200121285627	0.010309278350515464	0.005457853244390539
0.968129885748647	0.0	0.0	0.03187011425135298
0.0255496137849079	0.008318478906714201	0.023767082590612002	0.942364824717766
0.0	0.001841620626151013	0.998158379373849	0.0
0.998159509202454	0.0	0.001226993865030675	0.0006134969325153375
0.0	0.0	0.0	1.0
0.0	0.9993857493857494	0.0006142506142506142	0.0
0.9360675512665863	0.0	0.06393244873341375	0.0
0.016314199395770394	0.0	0.0006042296072507553	0.9830815709969789
0.0012224938875305623	0.0	0.9920537897310513	0.006723716381418093
0.6211685823754789	0.01867816091954023	0.23659003831417624	0.1235632183908046
0.19613821138211382	0.0665650406504065	0.13871951219512196	0.5985772357723578
>ENSG00000153048	15	CARHSP1	monomeric
0.11473646468268196	0.11007529580494801	0.10039440659734672	0.6747938329150233
0.09840326773115485	0.0850352766431489	0.09691793538804308	0.7196435202376532
0.03980099502487562	0.0013568521031207597	0.9516056083220262	0.007236544549977386
0.0	0.9750692520775623	0.0	0.024930747922437674
0.0	0.9967182372245663	0.0	0.0032817627754336614
0.0012229922543823889	0.1651039543416225	0.00040766408479412964	0.833265389319201
0.0	0.0	0.0	1.0
0.00046992481203007516	0.0	0.9995300751879699	0.0
0.0	0.0	0.0	1.0
0.0	0.999529854254819	0.0	0.0004701457451810061
0.0	0.9929971988795518	0.0	0.0070028011204481795
0.0	0.9309107222969941	0.0	0.06908927770300584
0.005004549590536852	0.009099181073703366	0.9645131938125568	0.021383075523202913
0.5607705779334501	0.03677758318739054	0.2798598949211909	0.12259194395796848
0.10730253353204174	0.10134128166915052	0.12183308494783905	0.6695230998509687
>ENSG00000149187	11	CELF1	dimeric
0.20835664987875396	0.068084312628241	0.17645961574333147	0.5470994217496735
0.14516446720504234	0.014181603309040771	0.5777033681307859	0.262950561355131
0.06655206286836936	0.1299115913555992	0.08325147347740668	0.7202848722986247
0.09458874458874458	0.012987012987012988	0.6348484848484849	0.25757575757575757
0.06226792345044273	0.01342473578977435	0.08654670094258783	0.8377606398171951
0.13842482100238662	0.014660756904193658	0.3876576883736788	0.4592567337197409
0.20059561795362688	0.025739204424590514	0.14975537119761753	0.623909806424165
0.12853013119857684	0.00578163219924394	0.6522125861685568	0.2134756504336224
0.06404657933042213	0.01222707423580786	0.06986899563318777	0.8538573508005822
0.07423144213946513	0.01324668832791802	0.7330667333166708	0.17945513621594603
0.041536273115220484	0.017923186344238975	0.10611664295874822	0.8344238975817924
>ENSG00000159409	11	CELF3	dimeric
0.1910418213313536	0.03588220737441227	0.31724820588963126	0.45582776540460285
0.047707271885132005	0.0	0.8531727651690597	0.09911996294580824
0.07013469577333953	0.0	0.07431490942870414	0.8555503947979564
0.02254283137962128	0.006762849413886384	0.830477908025248	0.14021641118124437
0.16466234967622573	0.0	0.26734505087881594	0.5679925994449584
0.19055374592833876	0.0010857763300760044	0.4761129207383279	0.3322475570032573
0.22938408021280948	0.006138735420503376	0.3875588295477798	0.3769183548189073
0.0577019568489714	0.0	0.924234821876568	0.01806322127446061
0.05004277159965783	0.014970059880239521	0.14713430282292558	0.787852865697177
0.019230769230769232	0.004807692307692308	0.885576923076923	0.09038461538461538
0.0959239963224027	0.010113392583512106	0.329451425068955	0.5645111860251303
>ENSG00000101489	10	CELF4	dimeric
0.25503045966402066	0.04393575779952003	0.16152852132176482	0.5395052612146944
0.034250129735339904	0.016865594187856773	0.7583030617540218	0.19058121432278152
0.08743091965424402	0.0238061499220632	0.060507297718577296	0.8282556327051155
0.14016786570743406	0.0028776978417266188	0.7008393285371702	0.15611510791366906
0.10908205502800097	0.006817628439250061	0.17251034818602387	0.711589968346725
0.3269982722560698	0.008729653541875057	0.1327634809493498	0.5315085932527053
0.05497244817633167	0.0019679874048806087	0.7668590921018106	0.17620047231697716
0.054786181707502664	0.013848729264952063	0.04185055547100898	0.8895145335565363
0.0738073807380738	0.005143371480005143	0.7515751575157515	0.16947409026616947
0.18247200246583786	0.030720230144867976	0.1862735025172095	0.6005342648720846
>ENSG00000060138	8	CSDA	monomeric
0.061694290976058934	0.13904235727440148	0.1261510128913444	0.6731123388581952
0.7670514165792235	0.007345225603357817	0.11752360965372508	0.1080797481636936
0.8733572281959379	0.12066905615292713	0.0	0.005973715651135006
0.0	0.8278595696489242	0.17214043035107587	0.0
0.9891745602165088	0.0040595399188092015	0.006765899864682003	0.0
0.041820418204182044	0.033210332103321034	0.025830258302583026	0.8991389913899139
0.0	1.0	0.0	0.0
0.48830995323981297	0.033400133600534405	0.2678690714762859	0.21042084168336672
>ENSG00000101811	14	CSTF2	monomeric
0.5173275393807714	0.02020640956002173	0.36404128191200436	0.0984247691472026
0.6797740835464621	0.010017050298380221	0.23156436487638535	0.07864450127877237
0.026445770734719078	0.0030870549495781024	0.8569664540028813	0.11350072031282157
0.08570071258907364	0.0036104513064133016	0.7424228028503563	0.16826603325415676
0.03155737704918033	0.905327868852459	0.01209016393442623	0.05102459016393442
0.0	0.0029115341545352742	0.9954087346024636	0.0016797312430011197
0.0	0.004704828049736754	0.0	0.9952951719502633
0.9708461201227532	0.00021920210434020167	0.027290661990355108	0.0016440157825515125
0.0003362474781439139	0.0010087424344317419	0.9967496077112755	0.0019054023761488456
0.004067274925799714	0.9665823897988348	0.0024183796856106408	0.026931955589754863
0.0	0.000449842555105713	0.9995501574448943	0.0
0.010310409125808929	0.012394427991663924	0.014478446857518921	0.9628167160250082
0.06354026090868196	0.4330859199280252	0.0620782726045884	0.44129554655870445
0.25598920256439095	0.10280058486109549	0.30660218198177935	0.33460803059273425
>ENSG00000177613	10	CSTF2T	monomeric
0.013878180416345412	0.9430854419289268	0.023761127076470177	0.01927525057825752
0.0009630342988369509	0.00022223868434698867	0.9967404992962442	0.0020742277205718944
0.0	0.00406864920846279	0.0005918035212309513	0.9953395472703063
0.9966666666666667	0.00037037037037037035	0.002962962962962963	0.0
0.00014862153526045923	0.0	0.9998513784647396	0.0
0.004500254046599404	0.9766277128547579	0.016549321332655877	0.0023227117659867895
0.003259500703755834	0.0	0.9967404992962442	0.0
0.039898772345466293	0.07258238208055137	0.1630411371957786	0.7244777083782038
0.09102514621619215	0.3994596680818217	0.10385060713119378	0.4056645785707924
0.2859946888350075	0.121204248931994	0.20442212215679484	0.38837894007620366
>ENSG00000205916	15	DAZ4	monomeric
0.0872945357618836	0.13771657041314972	0.6621501554864505	0.11283873833851621
0.09173871277617675	0.5367435158501441	0.07636887608069164	0.2951488952929875
0.047680082030248656	0.07741604716739298	0.02768520892078954	0.8472186618815688
0.004164625183733464	0.7474277315041646	0.005634492895639392	0.24277315041646252
0.0022123893805309734	0.005254424778761062	0.0002765486725663717	0.9922566371681416
0.9933646668509815	0.0049764998617638926	0.0013823610727121925	0.0002764722145424385
0.0	0.0	0.9966712898751734	0.00332871012482663
0.0	0.0	0.0	1.0
0.0	0.0	0.000277623542476402	0.9997223764575236
0.9991668980838656	0.0	0.0	0.0008331019161344071
0.019151846785225718	0.0	0.9764705882352941	0.004377564979480164
0.06449907480835317	0.43827650013217023	0.01586042823156225	0.48136399682791436
0.8558919189392044	0.015011258443832875	0.09056792594445834	0.03852889667250438
0.040912667191188044	0.01888276947285602	0.006031995803829006	0.934172567532127
0.054656345296739385	0.7593244194229416	0.03706310110250997	0.14895613417780906
>ENSG00000071626	10	DAZAP1	dimeric
0.157108850898074	0.011685782298203853	0.26076606795066004	0.5704392988530621
0.13326910725754657	0.0035324341682723185	0.016698779704560053	0.8464996788696211
0.9036681522111759	0.0006856359273225917	0.0332533424751457	0.06239286938635585
0.14149492463857274	0.0070747462319286376	0.8108274377114734	0.04060289141802522
0.06308296514482081	0.0	0.6470299459990182	0.28988708885616105
0.045891472868217056	0.0037209302325581397	0.1330232558139535	0.8173643410852713
0.13335425164731723	0.0028239723878255413	0.03671164104173204	0.8271101349231252
0.8075980392156863	0.0055147058823529415	0.05759803921568627	0.12928921568627452
0.2515576323987539	0.014537902388369679	0.6843198338525441	0.049584631360332296
0.0995562415589427	0.025853752652903725	0.5085857611421957	0.36600424464595793
>ENSG00000092345	10	DAZL	dimeric
0.10662824207492795	0.016714697406340056	0.47723342939481267	0.3994236311239193
0.04633920296570899	0.008341056533827619	0.17794253938832252	0.7673772011121409
0.21642363775901766	0.006907137375287797	0.14121258633921718	0.6354566385264774
0.22371495327102803	0.0040887850467289715	0.48364485981308414	0.2885514018691589
0.07567964731814843	0.0	0.31594415870683323	0.6083761939750184
0.26152980877390325	0.0044994375703037125	0.26827896512935884	0.46569178852643417
0.20893371757925072	0.001440922190201729	0.5965417867435159	0.1930835734870317
0.046493301812450746	0.0031520882584712374	0.2978723404255319	0.6524822695035462
0.15265998457979954	0.013878180416345412	0.19506553585196607	0.638396299151889
0.28063081277800245	0.023857662757784066	0.3348160129397493	0.3606955115244642
>ENSG00000066044	10	ELAVL1	monomeric
0.051721297973974636	0.027013671553286114	0.1536814363366826	0.7675835941360567
0.06426931905126243	0.007459831675592961	0.036916602907421575	0.891354246365723
0.060724431818181816	0.03622159090909091	0.07563920454545454	0.8274147727272727
0.44091210142870657	0.006433910492951084	0.12650203425111176	0.4261519538272306
0.06743476787529651	0.03778380210098272	0.10521856997627922	0.7895628600474416
0.06941007943742675	0.04531840083344185	0.6068498502409168	0.2784216694882146
0.2825573911177859	0.01909461488950869	0.4320961167131517	0.26625187727955374
0.01724941724941725	0.004545454545454545	0.43508158508158506	0.5431235431235432
0.044307245324132924	0.03214091156709642	0.07735609224623206	0.8461957508625386
0.08888888888888889	0.04203273040482343	0.06632213608957795	0.8027562446167097
>ENSG00000196361	7	ELAVL3	monomeric
0.2699195432130807	0.08967038671165325	0.41811575395795486	0.22229431611731118
0.11267605633802817	0.029049295774647887	0.14920774647887325	0.7090669014084507
0.053707099816609906	0.0015719151165837044	0.10060256746135708	0.8441184176054493
0.2011289985364834	0.046623458080702486	0.07861174994773155	0.6736357934350826
0.14278446667797184	0.05511276920468035	0.25572324910971683	0.546379515007631
0.20908702464036463	0.08061529696624413	0.2513886910696482	0.4589089873237431
0.1941619810982175	0.1150855365474339	0.3854528053594928	0.30529967699485583
>ENSG00000162374	10	ELAVL4	monomeric
0.13522012578616352	0.059748427672955975	0.3050314465408805	0.5
0.15894039735099338	0.006622516556291391	0.13245033112582782	0.7019867549668874
0.08169014084507042	0.0	0.022535211267605635	0.895774647887324
0.2275449101796407	0.05588822355289421	0.08183632734530938	0.6347305389221557
0.5204582651391162	0.019639934533551555	0.3780687397708674	0.08183306055646482
0.19327731092436976	0.0392156862745098	0.32212885154061627	0.44537815126050423
0.020737327188940093	0.0069124423963133645	0.23963133640552994	0.7327188940092166
0.03003003003003003	0.003003003003003003	0.012012012012012012	0.954954954954955
0.17142857142857143	0.05714285714285714	0.26666666666666666	0.5047619047619047
0.21774193548387097	0.11559139784946236	0.4274193548387097	0.239247311827957
>ENSG00000104413	10	ESRP1	dimeric
0.035333707234997194	0.017386427369601793	0.8283791362871564	0.11890072910824454
0.02099236641221374	0.013994910941475827	0.9395674300254453	0.02544529262086514
0.0465237846314689	0.028750653423941452	0.15263983272347098	0.7720857292211186
0.06578947368421052	0.020594965675057208	0.8449656750572082	0.06864988558352403
0.16195212931302455	0.04289710910786447	0.33602735467827166	0.4591234069008393
0.20105048147067406	0.04843886781441494	0.31952144733002624	0.4309892033848847
0.05634638196915777	0.018979833926453145	0.8760379596678529	0.04863582443653618
0.023693803159173753	0.015795868772782502	0.8973268529769137	0.06318347509113001
0.06775588659298415	0.03027390677558866	0.19221528111484862	0.7097549255165786
0.06818181818181818	0.02976190476190476	0.7992424242424242	0.10281385281385282
>ENSG00000104413	10	ESRP1	dimeric
0.022394071209924277	0.03141614306428226	0.820202996616723	0.1259867891090704
0.020268006700167505	0.03299832495812395	0.8527638190954774	0.09396984924623115
0.03571428571428571	0.045335942596216566	0.08871493803000652	0.8302348336594912
0.025298908334777336	0.005371686016288338	0.8821694680298042	0.08715993761913013
0.20223503965392933	0.04458062965633261	0.14143234799327084	0.6117519826964672
0.008745247148288974	0.005703422053231939	0.9678707224334601	0.017680608365019012
0.005357826253348641	0.004018369690011481	0.9741676234213548	0.016456180635285114
0.0076641700052255705	0.00870928409684724	0.0968472391569413	0.8867793067409859
0.031949458483754516	0.007220216606498195	0.9189530685920577	0.04187725631768953
0.20729231040875784	0.060474971307495365	0.2827756687560696	0.44945704952767723
>ENSG00000186834	11	HEXIM1	monomeric
0.11933633843353861	0.11912471165851904	0.6116437051615771	0.1498952447463653
0.19845255544609175	0.10707162938222362	0.4475094312420405	0.24696638392964412
0.3070349269259351	0.10509041367351994	0.37546445380232846	0.2124102055982165
0.12582706872765154	0.06044992538784244	0.5406706647520906	0.27305234113241544
0.0	0.9964832436905254	0.003240932285202041	0.00027582402427251415
0.08701347305389222	0.0	0.9013847305389222	0.011601796407185628
0.9966894268570247	0.0005862473274018898	0.0015863162976757017	0.001138009517897786
0.0	0.9946314268015692	0.005368573198430725	0.0
0.0002767208578346593	0.0	0.9997232791421653	0.0
0.0005531355873608519	0.00017285487105026619	0.9991702966189587	0.00010371292263015972
0.000687332462712214	0.006082892295003093	0.7875799023987903	0.2056498728434944
>ENSG00000168517	10	HEXIM2	monomeric
0.26022588522588525	0.07516788766788766	0.5302197802197802	0.13438644688644688
0.04994959215470626	0.06956282650536157	0.6005407387040601	0.27994684263587205
0.0	1.0	0.0	0.0
0.15327798803564888	0.015748992796972287	0.7999633744353559	0.031009644732022952
0.9994661378889567	0.0005338621110433191	0.0	0.0
0.0	1.0	0.0	0.0
0.0	0.0	1.0	0.0
0.0006862894616440446	0.0	0.9993137105383559	0.0
0.004829095299177545	0.006338187580170527	0.4669886063532785	0.5218441107673735
0.03563253471692355	0.28811231497024264	0.3052037234854265	0.37105142682740727
>ENSG00000177733	11	HNRNPA0	dimeric
0.12132213902125406	0.012026321760835035	0.3718326904167612	0.4948188488011497
0.02046806822689409	0.01943673145577152	0.051090836969456564	0.9090043633478778
0.8945272855023811	0.012335076899055351	0.04114294636583652	0.051994691232726986
0.03404843165935316	0.006257110352673493	0.9310905249471803	0.02860393304079311
0.07291163689039111	0.004989538065346854	0.6099307902784484	0.3121680347658136
0.09296093377798952	0.007622677465459742	0.21706765126250596	0.6823487374940448
0.02015959680806384	0.0020999580008399833	0.015287694246115077	0.9624527509449811
0.9677364864864865	0.0028716216216216218	0.006756756756756757	0.022635135135135136
0.029794238683127573	0.0018106995884773663	0.943045267489712	0.025349794238683127
0.08348560986751942	0.019015532206486982	0.6542941982640476	0.2432046596619461
0.1734895443089708	0.04604590967917717	0.22178325727130305	0.558681288740549
>ENSG00000177733	12	HNRNPA0	dimeric
0.10835593439235439	0.010202763786646004	0.3439235438460545	0.5375177579749452
0.011904761904761904	0.014396456256921373	0.029069767441860465	0.9446290143964563
0.9337712096332786	0.006568144499178982	0.02558839627805145	0.03407224958949097
0.01696592676374947	0.0021207408454686836	0.9647957019652198	0.016117630425561996
0.05541804180418042	0.00605060506050605	0.7400990099009901	0.19843234323432343
0.12881500426257458	0.007416879795396419	0.28201193520886614	0.5817561807331628
0.10752602081665333	0.004563650920736589	0.34155324259407527	0.5463570856685348
0.023464943094000282	0.0077279752704791345	0.009976113530982156	0.9588309681045384
0.9798966111430213	0.0002871912693854107	0.010338885697874785	0.009477311889718553
0.009816474605207	0.004268032437046522	0.9708351116801821	0.015080381277564376
0.07538716275445602	0.01256452712574267	0.664653745008279	0.24739456511152236
0.16248395004085445	0.0409711684370258	0.21442745418466208	0.5821174273374576
>ENSG00000139675	12	HNRNPA1L2	dimeric
0.1482812248619081	0.05534402316726551	0.3634364777175953	0.43293827425323106
0.14115849882333512	0.058668097931547	0.13409850955782174	0.6660748936872961
0.6423473433782713	0.029183187946074544	0.07085646312450436	0.25761300555114985
0.057315089465122954	0.005166969667974357	0.8824035977418428	0.055114343125059806
0.011319809666917105	0.0	0.9271725519659404	0.0615076383671425
0.014731193682292193	0.001569302419763086	0.0465222233471702	0.9371772805507745
0.005261773217574322	0.005261773217574322	0.00962904498816101	0.9798474085766904
0.96931877275091	0.0	0.006344253770150806	0.024336973478939157
0.03460725153437516	5.157563566970963e-05	0.9585331889215535	0.006807983908401671
0.031318923687692984	0.01421359603979807	0.8805077684654218	0.07395971180708719
0.06405256464603645	0.00741839762611276	0.6888935989826197	0.23963543874523102
0.47932992351367837	0.037914691943127965	0.1240673830416217	0.358688001501572
>ENSG00000170144	10	HNRNPA3	dimeric
0.15090853095164766	0.08530951647674777	0.10902371419772097	0.6547582383738836
0.5890828484344693	0.03851482405098365	0.06871709614851759	0.3036852313660294
0.043478260869565216	0.010451505016722408	0.8887959866220736	0.05727424749163879
0.02173084254670225	0.0	0.8105223027068242	0.1677468547464735
0.004215456674473068	0.0	0.0	0.9957845433255269
0.013345605154164749	0.008283479061205707	0.0	0.9783709157846295
0.8997037663986458	0.00042319085907744394	0.02158273381294964	0.07829030892932713
0.030397854269110416	0.0	0.9503799731783639	0.019222172552525705
0.04525605398967844	0.0023818975784041284	0.8439857086145296	0.10837633981738785
0.07092198581560284	0.024991556906450524	0.7180006754474839	0.18608578183046268
>ENSG00000092199	10	HNRNPC	monomeric
0.045117506597964055	0.0035189141636295085	0.1653889656905869	0.7859746135478195
0.0009555661729574773	0.0011148272017837235	0.0019111323459149545	0.9960184742793439
0.02232333285937722	0.0031281103369827953	0.08531210009953079	0.8892364567041092
0.0015910898965791568	0.00047732696897374703	0.002863961813842482	0.9950676213206047
0.0007316359379572724	0.0	0.08413813286508633	0.9151302311969564
0.011240940689247152	0.002810235172311788	0.9250110930335749	0.060937731104866145
0.009849184364419821	0.001692828562634657	0.9624499846106495	0.026008002462296093
0.10223070499821066	0.02707861147560539	0.12465704401765478	0.7460336395085292
0.01152827543231033	0.0024926000934725034	0.9742950615360648	0.01168406293815236
0.006262721152340692	0.0014091122592766556	0.9791764521684672	0.013151714419915453
>ENSG00000179172	10	HNRNPCL1	monomeric
0.26709470304975924	0.08667736757624397	0.5020866773675763	0.14414125200642056
0.21188043889519487	0.06129398410896708	0.13507377979568672	0.5917517972001514
0.05031753786028334	0.00537371763556424	0.1802638006839277	0.7640449438202247
0.009495548961424332	0.002967359050445104	0.05934718100890208	0.9281899109792285
0.009351620947630923	0.005610972568578554	0.00997506234413965	0.9750623441396509
0.02820796460176991	0.0005530973451327434	0.10619469026548672	0.8650442477876106
0.1959544879898862	0.03666245259165613	0.27307206068268014	0.4943109987357775
0.1486394557823129	0.03299319727891156	0.5319727891156463	0.2863945578231292
0.08750632271117856	0.014162873039959535	0.7910976226605969	0.10723318158826504
0.07745398773006135	0.039110429447852764	0.5996932515337423	0.2837423312883436
>ENSG00000104824	10	HNRNPL	dimeric
0.6209427499592236	0.027727939977165227	0.1608220518675583	0.19050725819605285
0.05652835934526075	0.7245907879710697	0.037685572896840505	0.1811952797868291
0.8878264925373134	0.0020988805970149254	0.05433768656716418	0.05573694029850746
0.10429791404171916	0.19067618647627047	0.17205655886882262	0.5329693406131877
0.24916157032945355	0.1933320181495364	0.0556322746103768	0.5018741369106332
0.6358011521228931	0.033283550245359506	0.15446981011307873	0.17644548751866865
0.06849049282110982	0.7386495925494762	0.044819557625145515	0.14804035700426854
0.9229090909090909	0.024969696969696968	0.011151515151515152	0.04096969696969697
0.09366916269571136	0.281143635125936	0.10687542545949626	0.5183117767188563
0.35142396560988715	0.1647859573705893	0.15332258642307003	0.33046749059645353
>ENSG00000143889	10	HNRPLL	dimeric
0.23576214405360135	0.06490787269681741	0.6574539363484088	0.04187604690117253
0.0	1.0	0.0	0.0
0.9955611921369689	0.0	0.004438807863031071	0.0
0.1059806508355321	0.11961301671064203	0.0839929639401935	0.6904133685136323
0.5903307888040712	0.0	0.4083969465648855	0.001272264631043257
0.0	0.9936708860759493	0.005063291139240506	0.0012658227848101266
0.9806371018113679	0.007495315427857589	0.011867582760774516	0.0
0.10416666666666667	0.4923245614035088	0.03508771929824561	0.3684210526315789
0.1772	0.628	0.0856	0.1092
0.36482412060301506	0.525963149078727	0.023115577889447236	0.08609715242881072
>ENSG00000159217	8	IGF2BP1	monomeric
0.05256760862959587	0.8711637800060772	0.01701610452749924	0.059252506836827715
0.9192048733568452	0.02244309073420968	0.02981724911830715	0.028534786790638023
0.06664647076643442	0.03332323538321721	0.868524689488034	0.03150560436231445
0.1632368329264039	0.0533658876874782	0.44750610394140217	0.33589117544471575
0.32497512437810944	0.04915422885572139	0.05532338308457711	0.570547263681592
0.5394655065257924	0.0046612802983219395	0.10441267868241144	0.3514605344934742
0.0705984892504358	0.8329459616502034	0.06275421266705404	0.0337013364323068
0.8854231006794318	0.0015441630636195182	0.09110562075355158	0.021927115503397158
>ENSG00000121774	7	KHDRBS1	dimeric
0.02356020942408377	0.0	0.0	0.9764397905759162
0.998661311914324	0.0	0.0013386880856760374	0.0
0.9942878903274943	0.0	0.0057121096725057125	0.0
0.06903839380063402	0.0	0.011271574498062698	0.9196900317013033
0.9365136298421808	0.0	0.039992826398852224	0.023493543758967003
0.11275571600481347	0.021540312876052948	0.6283995186522262	0.23730445246690735
0.24952125622366908	0.030065109153581005	0.21141325162772884	0.509000382995021
>ENSG00000112232	10	KHDRBS2	dimeric
0.17425569176882663	0.06567425569176882	0.06129597197898424	0.6987740805604203
0.7375231053604436	0.06561922365988909	0.05545286506469501	0.1414048059149723
0.9214780600461894	0.04041570438799076	0.016166281755196306	0.021939953810623556
0.5341365461847389	0.13052208835341367	0.19879518072289157	0.13654618473895583
0.1450381679389313	0.5537820957668286	0.1873698820263706	0.11380985426786953
0.5946348733233979	0.12667660208643816	0.20268256333830104	0.07600596125186289
0.49657747355320475	0.0864965774735532	0.2545115121344119	0.1624144368388301
0.12049180327868853	0.11639344262295082	0.10901639344262296	0.6540983606557377
0.6785714285714286	0.047619047619047616	0.11224489795918367	0.16156462585034015
0.7423255813953489	0.05488372093023256	0.09488372093023256	0.10790697674418605
>ENSG00000131773	15	KHDRBS3	dimeric
0.25363917071018965	0.05910895456550507	0.06307895897662108	0.6241729157476842
0.607035607035607	0.03003003003003003	0.07378807378807378	0.28914628914628915
0.8498498498498499	0.012012012012012012	0.04804804804804805	0.09009009009009009
0.47691270643747896	0.09605662285136501	0.1887428378833839	0.23828783282777216
0.3215547703180212	0.16890459363957597	0.272791519434629	0.23674911660777384
0.326025459688826	0.09193776520509193	0.33663366336633666	0.2454031117397454
0.36395759717314485	0.07773851590106007	0.2968197879858657	0.26148409893992935
0.39858657243816253	0.04876325088339223	0.3413427561837456	0.21130742049469964
0.36916548797736914	0.05374823196605375	0.2984441301272984	0.27864214992927866
0.27934936350777934	0.12588401697312587	0.35431400282885434	0.24045261669024046
0.40381895332390383	0.07496463932107496	0.260961810466761	0.26025459688826025
0.18998978549540346	0.03779366700715015	0.04954034729315628	0.7226762002042901
0.6541840036985668	0.02311604253351826	0.05779010633379565	0.26490984743411927
0.8303990610328639	0.011737089201877934	0.04225352112676056	0.11561032863849766
0.43100822418519646	0.10843740481267133	0.22479439537008833	0.23575997563204387
>ENSG00000166173	21	LARP6	monomeric
0.03449753589029355	0.0584958217270195	0.8270837797300192	0.07992286265266767
0.010720111862036821	0.018410626893498018	0.013982754602656723	0.9568865066418084
0.004220183486238532	0.19357798165137616	0.7495412844036697	0.052660550458715594
0.011300738007380073	0.006457564575645757	0.07818265682656826	0.9040590405904059
0.018007787151200518	0.5936080467229072	0.2589227774172615	0.12946138870863075
0.12059324094335035	0.05446146365183564	0.11524434719183078	0.7097009482129832
0.04692438609287625	0.12788718696814977	0.7909068806224168	0.034281546316557256
0.05689277899343545	0.4675419401896426	0.12715779236566982	0.34840748845125213
0.15511791879406758	0.07342572331631413	0.23073182591782154	0.5407245319717967
0.15803549720398735	0.10551908582543156	0.325066861171894	0.4113785557986871
0.1237539508874301	0.12302455628495015	0.49550206661804036	0.2577194262095794
0.14344760515438854	0.22052030148310237	0.3834184293702893	0.2526136639922198
0.16460004862630684	0.28665207877461707	0.18429370289326524	0.36445416970581085
0.10017019207391199	0.45854607342572334	0.13931436907366884	0.30196936542669583
0.012209438835407373	0.011974641934726462	0.9488142756515614	0.027001643578304767
0.8875	0.02142857142857143	0.062276785714285715	0.028794642857142855
0.9571095571095571	0.010722610722610723	0.015617715617715617	0.01655011655011655
0.04796274738067521	0.004656577415599534	0.919674039580908	0.02770663562281723
0.008831048105972577	0.01254938415059261	0.024401580292818963	0.9542179874506158
0.0634441087613293	0.771687526974536	0.09214501510574018	0.07272334915839447
0.22343787989302213	0.38317529783612936	0.17554096766350596	0.21784585460734257
>ENSG00000174720	11	LARP7	monomeric
0.10348929421094369	0.10586835844567803	0.6260904044409199	0.16455194290245836
0.3647902869757174	0.023730684326710817	0.5060706401766004	0.1054083885209713
0.06708268330733229	0.0358814352574103	0.07592303692147685	0.8211128445137805
0.030686799805163176	0.7691183633706771	0.09498295177788602	0.10521188504627374
0.009809932556713672	0.008583690987124463	0.9681177191906806	0.0134886572654813
0.007847533632286996	0.02914798206278027	0.07791479820627803	0.8850896860986547
0.04017857142857143	0.027901785714285716	0.8811383928571429	0.05078125
0.7148030783159801	0.04300588501584427	0.16523313716613852	0.07695789950203712
0.022614451185879757	0.04467733039161611	0.06177606177606178	0.8709321566464424
0.032834101382488476	0.029953917050691243	0.9095622119815668	0.027649769585253458
0.07984790874524715	0.40304182509505704	0.18377693282636248	0.3333333333333333
>ENSG00000160294	10	MCM3AP	monomeric
0.048197431533343646	0.7972690700912889	0.021700448708030326	0.13283304966733714
0.018216888126875268	0.0	0.9816164213935324	0.00016669047959232272
0.0001444112833349379	0.9921536536054684	4.81370944449793e-05	0.007653798016751709
9.701673538685423e-05	0.9998059665292263	2.4254183846713557e-05	7.276255154014067e-05
0.9998544678373921	2.425536043465606e-05	9.702144173862424e-05	2.425536043465606e-05
2.4248890613254443e-05	0.0003394844685855622	0.9995877688595747	4.8497781226508885e-05
0.0	9.701202949165696e-05	0.00014551804423748544	0.9997574699262709
0.05135757017947538	2.300966405890474e-05	0.9485043718361712	0.0001150483202945237
9.697674982422964e-05	0.9993938953135986	4.848837491211482e-05	0.0004606395616650908
0.00038791640401493477	4.8489550501866846e-05	0.9994181253939776	0.00014546865150560055
>ENSG00000183496	10	MEX3B	monomeric
0.1108761329305136	0.10876132930513595	0.1486404833836858	0.6317220543806646
0.9040207522697795	0.0	0.040639861651534805	0.05533938607868569
0.04521497919556172	0.014147018030513176	0.5800277392510402	0.3606102635228849
0.8576702214930271	0.008613617719442166	0.034454470877768664	0.0992616899097621
0.06283662477558348	0.002872531418312388	0.7508078994614004	0.18348294434470377
0.12294140176177709	0.011106855610877058	0.06510915358100344	0.8008425890463424
0.23406221127194332	0.015706806282722512	0.10625192485371111	0.643979057591623
0.04032258064516129	0.0031362007168458782	0.01971326164874552	0.9368279569892473
0.8350638977635783	0.0023961661341853034	0.03394568690095846	0.12859424920127796
0.09770687936191426	0.022598870056497175	0.18477899634430042	0.6949152542372882
>ENSG00000183496	7	MEX3B	monomeric
0.09867092866756393	0.034825033647375506	0.15107671601615075	0.7154273216689099
0.7434440559440559	0.0024475524475524478	0.1347027972027972	0.11940559440559441
0.048685048685048686	0.0	0.17735917735917736	0.773955773955774
0.22030149106996558	0.0	0.08291004424053744	0.696788464689497
0.04633529907329402	0.0037910699241786015	0.05423336141533277	0.8956402695871946
0.8274956217162872	0.001945903872348706	0.05195563339171045	0.11860284101965363
0.10903426791277258	0.020937477359994204	0.2538578569876114	0.6161703977396218
>ENSG00000176624	13	MEX3C	monomeric
0.3965646004480956	0.021657953696788648	0.34167289021657954	0.24010455563853622
0.09111277072442121	0.13778939507094848	0.2748319641523525	0.49626587005227785
0.8899966766367564	0.0019940179461615153	0.07211698238617481	0.03589232303090728
0.03519220357336221	0.008121277747698972	0.7249593936112615	0.23172712506767731
0.8003586371787209	0.004482964734010759	0.05588762701733413	0.13927077106993424
0.044481054365733116	0.0019769357495881385	0.8823723228995057	0.07116968698517298
0.1379495437466452	0.006977992485238862	0.13633923778851315	0.7187332259796028
0.38426797139631164	0.005269100489273617	0.10651110274745954	0.5039518253669553
0.039575971731448764	0.0	0.014134275618374558	0.9462897526501767
0.9193271541366289	0.0	0.015447991761071062	0.06522485410230003
0.11519234948924147	0.011301890893284068	0.29145837861334495	0.5820473810041296
0.3140403286034354	0.015309932785660941	0.2811799850634802	0.38946975354742347
0.20388349514563106	0.008215085884988798	0.41598207617625094	0.3719193427931292
>ENSG00000181588	10	MEX3D	monomeric
0.15332771693344566	0.005054759898904802	0.14490311710193765	0.6967144060657119
0.31257557436517536	0.010278113663845224	0.27267230955259975	0.40447400241837966
0.07587719298245614	0.012280701754385965	0.18640350877192982	0.7254385964912281
0.40794627867935085	0.0	0.5176273083379966	0.07442641298265248
0.0	0.0	0.035568513119533525	0.9644314868804664
0.15521271622253388	0.0	0.07152875175315568	0.7732585320243104
0.0	0.0	0.0	1.0
0.834510595358224	0.0025227043390514633	0.11099899091826437	0.05196770938446014
0.0	0.0	0.11739594450373532	0.8826040554962646
0.1072463768115942	0.005434782608695652	0.28804347826086957	0.5992753623188406
>ENSG00000135097	11	MSI1	dimeric
0.08003048780487805	0.003429878048780488	0.5034298780487805	0.41310975609756095
0.023484848484848483	0.025757575757575757	0.04015151515151515	0.9106060606060606
0.8567355666429081	0.011047754811119031	0.0548823948681397	0.07733428367783321
0.022664015904572565	0.002783300198807157	0.9558648111332008	0.01868787276341948
0.11055135740274279	0.005877413937867338	0.21074727120067172	0.6728239574587181
0.2282746389663035	0.002533569799847986	0.3881428933367114	0.3810488978971371
0.02035830618892508	0.00040716612377850165	0.7561074918566775	0.22312703583061888
0.03698169592827792	0.0	0.06499813223757937	0.8980201718341427
0.804282368685179	0.01605888256942121	0.07761793241886919	0.10204081632653061
0.02762645914396887	0.004280155642023347	0.935408560311284	0.03268482490272374
0.1418041418041418	0.014391014391014392	0.34292734292734295	0.5008775008775008
>ENSG00000153944	12	MSI2	dimeric
0.022201665124884366	0.004162812210915819	0.8714153561517114	0.10222016651248844
0.005681818181818182	0.008264462809917356	0.012913223140495868	0.9731404958677686
0.9040307101727447	0.006238003838771593	0.027351247600767754	0.06238003838771593
0.014894709809964048	0.0005136106831022085	0.9676425269645609	0.01694915254237288
0.0603290676416819	0.01736745886654479	0.061243144424131625	0.8610603290676416
0.11854210898796887	0.00778485491861288	0.6666666666666666	0.2070063694267516
0.26519916142557654	0.012578616352201259	0.22641509433962265	0.49580712788259956
0.02637267617812365	0.00216169476869866	0.814526588845655	0.1569390402075227
0.015282730514518594	0.008660213958227204	0.0163015792154865	0.9597554763117677
0.9217221135029354	0.015166340508806261	0.03571428571428571	0.0273972602739726
0.014477766287487074	0.004136504653567736	0.9741468459152016	0.007238883143743537
0.12465501379944802	0.008739650413983441	0.33210671573137074	0.5344986200551978
>ENSG00000153944	13	MSI2	dimeric
0.09483217900905701	0.019179541822056473	0.690463505594033	0.19552477357485348
0.06505026611472502	0.06209343583678297	0.10644589000591366	0.7664104080425783
0.663594470046083	0.03840245775729647	0.17665130568356374	0.12135176651305683
0.04362880886426593	0.00554016620498615	0.8975069252077562	0.05332409972299169
0.12834978843441466	0.027268453220498354	0.23507287259050305	0.609308885754584
0.2762345679012346	0.011574074074074073	0.39351851851851855	0.31867283950617287
0.18055555555555555	0.008487654320987654	0.4058641975308642	0.4050925925925926
0.35108024691358025	0.015432098765432098	0.2785493827160494	0.3549382716049383
0.05052526263131566	0.007003501750875438	0.6483241620810405	0.2941470735367684
0.03022162525184688	0.019476158495634655	0.07991940899932841	0.8703828072531901
0.680672268907563	0.04936974789915966	0.1255252100840336	0.14443277310924368
0.05006765899864682	0.02165087956698241	0.8768606224627875	0.05142083897158322
0.14514066496163683	0.026214833759590793	0.27877237851662406	0.5498721227621484
>ENSG00000104967	8	NOVA2	dimeric
0.18321237847459948	0.16486375462138847	0.04676160481993701	0.6051622620840751
0.06951555730602599	0.8703229617959827	0.0020677432059866088	0.058093737692004724
0.9261316010058676	0.024098910310142496	0.038977367979882646	0.010792120704107292
0.053936411809235425	0.04428463285389856	0.06538607115821347	0.8363928841786525
0.21461687057308435	0.17797810688989055	0.038248551191242756	0.5691564713457824
0.04692260816575259	0.8977249644525696	0.0	0.05535242738167784
0.9747463608292898	0.0	0.023158359064843405	0.0020952801058667842
0.023793182338137726	0.289026157248532	0.01311675436589644	0.6740639060474338
>ENSG00000174740	13	PABPC5	monomeric
0.2204391891891892	0.13175675675675674	0.19130067567567569	0.4565033783783784
0.0746994848311391	0.1522610188895249	0.09530623926731539	0.6777332570120206
0.9968427699431699	0.0027362660492527887	0.0	0.0004209640075773521
0.06226486079759217	0.04683972911963882	0.3893905191873589	0.5015048908954101
1.0	0.0	0.0	0.0
0.99915611814346	0.0	0.0002109704641350211	0.0006329113924050633
0.9997888959256913	0.00021110407430863416	0.0	0.0
0.10660465116279069	0.01227906976744186	0.6152558139534884	0.2658604651162791
0.0	0.0	0.0035766884073216917	0.9964233115926783
0.1623117518342129	0.061269146608315096	0.16681683614364784	0.6096022654138241
0.5472972972972973	0.0	0.4527027027027027	0.0
0.14694059848146493	0.7050766711329463	0.0031263957123715946	0.1448563346732172
0.06565336710998522	0.14903947646189572	0.17817183871648723	0.6071353177116319
>ENSG00000174740	16	PABPC5	monomeric
0.20833333333333334	0.17485119047619047	0.16741071428571427	0.4494047619047619
0.0851581508515815	0.1362530413625304	0.09184914841849148	0.6867396593673966
0.9988851727982163	0.0	0.0007432181345224824	0.0003716090672612412
0.08276098901098901	0.044642857142857144	0.36538461538461536	0.5072115384615384
0.9988847583643122	0.0007434944237918215	0.0003717472118959108	0.0
0.9973997028231798	0.0003714710252600297	0.0003714710252600297	0.0018573551263001485
0.9992567818654775	0.0	0.0003716090672612412	0.0003716090672612412
0.07924403183023873	0.016909814323607428	0.08985411140583555	0.8139920424403183
0.0	0.0007432181345224824	0.0	0.9992567818654775
0.9795918367346939	0.0007288629737609329	0.008746355685131196	0.010932944606413994
0.008714596949891068	0.9771241830065359	0.014161220043572984	0.0
0.0	0.005569996286669142	0.0	0.9944300037133309
0.8102189781021898	0.023224950232249502	0.16058394160583941	0.005972130059721301
0.003435352904434728	0.7904434728294816	0.014053716427232979	0.1920674578388507
0.612578977599081	0.08874210224009191	0.19500287191269386	0.10367604824813326
0.09304056568663938	0.5139560848529959	0.10755489393375511	0.2854484555266096
>ENSG00000169564	11	PCBP1	dimeric
0.1413992211628844	0.23002551362964951	0.2391567073989526	0.3894185578085135
0.019001610305958132	0.9339774557165862	0.006119162640901771	0.04090177133655395
0.07886612405276452	0.8139208532135841	0.07970811114229581	0.0275049115913556
0.19143952299829642	0.14054514480408858	0.050468483816013626	0.6175468483816013
0.18587281263337602	0.052496798975672214	0.14276568501920614	0.6188647033717456
0.32092381937263015	0.0741123750430886	0.2433643571182351	0.3615994484660462
0.21344827586206896	0.13689655172413792	0.3837931034482759	0.26586206896551723
0.019065776930409915	0.9215125516364792	0.012392755004766444	0.047028916428344454
0.05730581205866377	0.7876154263986963	0.014122759369907659	0.14095600217273221
0.10712822613682917	0.23351085620647274	0.06534207292093404	0.594018844735764
0.1697838736492103	0.10536159600997506	0.12219451371571072	0.6026600166251039
>ENSG00000134644	10	PUM1	monomeric
0.28723291166152864	0.04741150207292442	0.45997661316041244	0.20537897310513448
0.0	0.0	0.0	1.0
0.003917831427361288	0.0	0.9960821685726388	0.0
0.0	0.008166684116846403	0.006910271175793111	0.9849230447073605
0.9970323264440911	0.00296767355590885	0.0	0.0
0.7060192134494145	0.03947763434404083	0.0795556889822876	0.17494746322425697
0.9813269351137075	0.0	0.015856457333611518	0.002816607552680993
0.0	0.0	0.0	1.0
0.9890652928188414	0.0	0.0028388182104931133	0.008095888970665545
0.13258589511754068	0.05128390596745027	0.6804339963833634	0.13569620253164558
>ENSG00000055917	10	PUM2	monomeric
0.34067050457162207	0.05000564397787561	0.2297098995371938	0.3796139519133085
0.3523702031602709	0.03532731376975169	0.35451467268623027	0.25778781038374715
0.015109432285301634	0.0	0.0006665926008221309	0.9842239751138763
0.3264538954816835	0.0028009139824574335	0.6529814992260632	0.01776369130979583
0.06905557877141663	0.0012536564981195152	0.004178854993731718	0.9255119097367321
0.9830226364846871	0.0	0.011984021304926764	0.004993342210386152
0.11318267419962336	0.39387947269303203	0.05263653483992467	0.44030131826741997
0.9772752344180916	0.0	0.004191947049089906	0.018532818532818532
0.06527037319116527	0.0	0.6747143945163747	0.26001523229246004
0.2215249450894258	0.08362096015061186	0.3654690931910888	0.32938500156887357
>ENSG00000055917	12	PUM2	monomeric
0.3131367472512693	0.056924783968259306	0.34635688107326584	0.28358158770720554
0.008183852757457328	0.0	0.0016367705514914654	0.9901793766910512
0.013658665959421827	0.0	0.9832250364673121	0.003116297573266145
0.0008065329166246597	0.0	0.0	0.9991934670833753
0.930371841270858	0.0	0.049226531723409024	0.020401627005732954
0.5195309672593915	0.11146765749028881	0.13979298863608947	0.2292083866142302
0.929394766415155	0.0	0.03772676192005137	0.032878471664793706
0.0478763987792472	0.0	0.02037767039674466	0.9317459308240081
0.8746685360724191	0.001158218781431924	0.0666585388155689	0.05751470633058002
0.12541381726796028	0.028973249885218568	0.575864485416717	0.2697484474301041
0.1457003163646822	0.09657750934713834	0.42165660051768766	0.3360655737704918
0.1822675005043373	0.07528074776410464	0.4419675879228028	0.3004841638087553
>ENSG00000112531	11	QKI	monomeric
0.27377529216239743	0.0627060964993273	0.1986968106154536	0.46482180072282164
0.11965811965811966	0.06275831627944305	0.057040247181092255	0.760543316881345
0.9744479576360505	0.003367522685792139	0.012827433742063186	0.009357085936094188
0.036675994311665676	0.8694664892884995	0.002614798843983669	0.09124271755585119
0.00039526733247252893	0.0005533742654615405	0.00015810693298901158	0.9988932514690769
0.9961370683765176	0.0007883533925474326	0.0016292636779313607	0.0014453145530036265
0.9973426647021679	0.0010524100189433804	0.0011050305198905493	0.0004998947589981057
0.0039979565999600205	0.8419474490815805	0.00033316304999666835	0.1537214312684628
0.804956255839633	0.09863671111866135	0.018729295846428268	0.07767773719527733
0.49239220373264686	0.05185253286751862	0.07688241242989795	0.37887285096993656
0.35141266784498904	0.11884348537209487	0.09267417627351149	0.4370696705094046
>ENSG00000112531	16	QKI	dimeric
0.7161572052401747	0.10338427947598253	0.08646288209606987	0.09399563318777293
0.1911930748964998	0.5521264584117426	0.04610462928114415	0.21057583741061348
0.07527950310559006	0.05490683229813664	0.00968944099378882	0.8601242236024844
0.9349691606328775	0.028559935639581657	0.010458567980691875	0.02601233574684902
0.9456021650879567	0.015696887686062245	0.02165087956698241	0.017050067658998646
0.06497207340704433	0.7428473726205403	0.01162658155705004	0.18055397241536533
0.7111509180474698	0.12841468875951634	0.05989699955217197	0.10053739364084191
0.445014245014245	0.09700854700854701	0.14544159544159543	0.3125356125356125
0.249002849002849	0.10042735042735043	0.07920227920227921	0.5713675213675213
0.8186712345527958	0.03756270647253151	0.07096537379175333	0.07280068518291936
0.09317984361424848	0.6800608166811468	0.02997393570807993	0.19678540399652475
0.042110735638159605	0.03613205094879127	0.014816740317130232	0.9069404730959189
0.9436790923824959	0.01755807671528903	0.012560777957860616	0.026202052944354404
0.9439719184555151	0.019576076684217632	0.022816254894019172	0.013635749966248143
0.053711387736284005	0.7542646380820655	0.016597510373443983	0.17542646380820653
0.6979932010088825	0.1450816975545564	0.060423292027634606	0.09650180940892641
>ENSG00000078328	12	RBFOX1	dimeric
0.02679528403001072	0.04072883172561629	0.8971061093247589	0.03536977491961415
0.11481975967957277	0.5587449933244326	0.14953271028037382	0.17690253671562084
0.627906976744186	0.0450112528132033	0.2595648912228057	0.06751687921980495
0.05991189427312775	0.10220264317180616	0.10044052863436123	0.7374449339207049
0.046610169491525424	0.0031779661016949155	0.8866525423728814	0.0635593220338983
0.10859188544152745	0.15871121718377088	0.30071599045346065	0.431980906921241
0.2935560859188544	0.027446300715990454	0.22553699284009546	0.45346062052505964
0.07419354838709677	0.004301075268817204	0.9	0.021505376344086023
0.16303583977512298	0.5881939564300773	0.12157413914265636	0.12719606465214336
0.6855036855036855	0.049959049959049956	0.1588861588861589	0.10565110565110565
0.05102040816326531	0.08534322820037106	0.08719851576994433	0.7764378478664193
0.0074309978768577496	0.03184713375796178	0.8885350318471338	0.07218683651804671
>ENSG00000239306	10	RBM14	monomeric
0.0872802734375	0.07421875	0.5235595703125	0.31494140625
0.038739573679332714	0.023911028730305837	0.7949953660797034	0.142354031510658
0.06472491909385113	0.009924487594390506	0.4388349514563107	0.48651564185544766
0.06487582361885454	0.08008109477952356	0.13042743706707213	0.7246156445345497
0.018321882156985218	0.005205080158234437	0.8929835519467	0.08348948573808036
0.002467212050383067	0.556940657057525	0.4373457992468511	0.003246331645240878
0.07902082885978097	0.0	0.920979171140219	0.0
0.008411002500568312	0.007729029324846556	0.008865651284382815	0.9749943168902023
0.0	0.9629546475078581	0.01796138302649304	0.019083969465648856
0.0334075723830735	0.0022271714922048997	0.9552338530066815	0.00913140311804009
>ENSG00000239306	7	RBM14	monomeric
0.13866666666666666	0.12955555555555556	0.2791111111111111	0.45266666666666666
0.041244083840432724	0.015889114266396213	0.6886409736308317	0.2542258282623394
0.0	0.8723768736616703	0.10877944325481799	0.018843683083511777
0.002839564600094652	0.00473260766682442	0.9640321817321345	0.02839564600094652
0.0	0.035161744022503515	0.009845288326300985	0.9549929676511955
0.022343821249430004	0.9288645690834473	0.02553579571363429	0.023255813953488372
0.10563973063973064	0.007575757575757576	0.8573232323232324	0.029461279461279462
>ENSG00000112183	11	RBM24	dimeric
0.04093198992443325	0.016792611251049538	0.8043660789252729	0.13790931989924432
0.1641098822689975	0.0508383874420264	0.10149839457723868	0.6835533357117374
0.020987654320987655	0.007613168724279836	0.7884773662551441	0.1829218106995885
0.03141952983725135	0.006555153707052441	0.09584086799276673	0.8661844484629295
0.08003300330033003	0.009735973597359737	0.6323432343234323	0.2778877887788779
0.21508744453145393	0.037588097102584185	0.3184547115635604	0.4288697468024015
0.05667160076126031	0.0	0.8103193064072742	0.13300909283146542
0.1403994463120427	0.013446707534111133	0.0883923274668776	0.7577615186869685
0.025084610790364323	0.002588094764085208	0.7628907027672706	0.2094365916782799
0.0903978337846282	0.016246615288481567	0.0951885023953343	0.798167048531556
0.08800738007380074	0.013099630996309963	0.7070110701107011	0.1918819188191882
>ENSG00000106344	15	RBM28	monomeric
0.10743567995476393	0.02883799830364716	0.6499858637263217	0.21374045801526717
0.49266247379454925	0.013277428371767994	0.4248777078965758	0.06918238993710692
0.00860832137733142	0.0068149210903873745	0.9684361549497847	0.016140602582496413
0.004765395894428153	0.0	0.9886363636363636	0.006598240469208211
0.009470257472625037	0.6824504291210417	0.030778336786031372	0.27730097662030184
0.05087127599775155	0.5935919055649241	0.05311973018549747	0.3024170882518269
0.004056047197640118	0.0007374631268436578	0.9922566371681416	0.0029498525073746312
0.7169811320754716	0.0029596744358120607	0.004809470958194599	0.27524972253052166
0.002940095553105476	0.002940095553105476	0.99191473722896	0.002205071664829107
0.013943510904540579	0.9656775116195924	0.012513407222023596	0.007865570253843403
0.002579218865143699	0.00036845983787767134	0.9963154016212233	0.0007369196757553427
0.0	0.002204261572373255	0.9915503306392358	0.006245407788390889
0.004308797127468581	0.005026929982046679	0.020107719928186715	0.970556552962298
0.006588579795021962	0.004758418740849195	0.9842606149341142	0.004392386530014641
0.034585966079148656	0.02760226139008979	0.860991020951114	0.07682075157964749
>ENSG00000106344	11	RBM28	monomeric
0.01939655172413793	0.04741379310344827	0.8987068965517241	0.034482758620689655
0.0022988505747126436	0.02528735632183908	0.013793103448275862	0.9586206896551724
0.0	0.0	0.9928571428571429	0.007142857142857143
0.009501187648456057	0.0	0.9904988123515439	0.0
0.0071090047393364926	0.004739336492890996	0.9881516587677726	0.0
0.010657193605683837	0.2344582593250444	0.014209591474245116	0.7406749555950266
0.02178649237472767	0.9084967320261438	0.05664488017429194	0.013071895424836602
0.03275109170305677	0.0	0.056768558951965066	0.9104803493449781
0.023706896551724137	0.8987068965517241	0.0603448275862069	0.017241379310344827
0.010706638115631691	0.0	0.892933618843683	0.09635974304068523
0.01353637901861252	0.023688663282571912	0.7055837563451777	0.2571912013536379
>ENSG00000132819	14	RBM38	monomeric
0.12981455064194009	0.029243937232524966	0.11126961483594865	0.7296718972895863
0.15666901905434016	0.01058574453069866	0.6245589273112209	0.2081863091037403
0.13583282114320835	0.009834050399508297	0.7246465888137676	0.12968653964351567
0.227735368956743	0.0	0.022264631043257	0.75
0.023993808049535603	0.0046439628482972135	0.9125386996904025	0.058823529411764705
0.1037593984962406	0.0	0.009774436090225564	0.8864661654135338
0.0	0.002284843869002285	0.897943640517898	0.09977151561309977
0.13181148748159058	0.0	0.0	0.8681885125184094
0.002403846153846154	0.0	0.9447115384615384	0.052884615384615384
0.08604651162790698	0.0	0.0	0.913953488372093
0.09880636604774536	0.0	0.7818302387267905	0.11936339522546419
0.1108891108891109	0.0	0.3001998001998002	0.5889110889110889
0.17135023989033585	0.019876627827278958	0.429061000685401	0.37971213159698425
0.26716141001855287	0.0030921459492888066	0.2987012987012987	0.43104514533085964
>ENSG00000173933	10	RBM4	monomeric
0.002824858757062147	0.9799905838041432	0.012711864406779662	0.004472693032015066
0.0023906287353573988	0.0004781257470714798	0.9952187425292852	0.0019125029882859192
0.001897083234526915	0.006639791320844202	0.9871946881669433	0.0042684372776855585
0.004461141112937309	0.000704390702042733	0.9774594975346326	0.017374970650387414
0.0025870178739416747	0.0061147695202257765	0.979068673565381	0.012229539040451553
0.01028101439342015	0.02901530728809687	0.009595613433858808	0.9511080648846242
0.4587617089330592	0.019191226867717615	0.49211788896504455	0.02992917523417866
0.03903345724907063	0.0604089219330855	0.12676579925650558	0.7737918215613383
0.04570578231292517	0.021258503401360544	0.8849914965986394	0.04804421768707483
0.09584434302185924	0.4331011289935143	0.15998078308911842	0.31107374489550804
>ENSG00000126254	10	RBM42	monomeric
0.13604117401585755	0.5039643900403394	0.21087772986507164	0.1491167060787314
0.05728276961621683	0.07630110465778385	0.8185855825076871	0.04783054321831227
0.31139309841153917	0.0277524192075954	0.6561986488953807	0.004655833485484755
0.9753052917232021	0.0	0.010312075983717774	0.014382632293080054
0.979291553133515	0.0014986376021798365	0.019209809264305176	0.0
0.0008307947936859596	0.9952921628357796	0.003877042370534478	0.0
0.0	0.0	0.024429967426710098	0.9755700325732899
0.9764977584567314	0.0	0.011547344110854504	0.011954897432414074
0.7213970293054998	0.18657165796868727	0.010839020473705338	0.08119229225210758
0.06900389538119088	0.09947134112409571	0.6996382860322761	0.1318864774624374
>ENSG00000151962	7	RBM46	monomeric
0.13291834492859758	0.04320761625778103	0.5448553643354083	0.2790186744782131
0.031815346225826574	0.039925140361821584	0.0	0.9282595134123518
0.08835341365461848	0.043029259896729774	0.8537005163511188	0.01491681009753299
0.7106017191977078	0.1251193887297039	0.10840496657115568	0.055873925501432664
0.06623681125439625	0.021688159437280186	0.03985932004689332	0.8722157092614302
0.02541942043721403	0.10116929334011185	0.11692933401118455	0.7564819522114896
0.28203753351206434	0.09410187667560321	0.3989276139410188	0.22493297587131367
>ENSG00000153250	12	RBMS1	monomeric
0.12792511700468018	0.0343213728549142	0.6505460218408736	0.187207488299532
0.016359918200409	0.06952965235173825	0.06134969325153374	0.852760736196319
0.912472647702407	0.0087527352297593	0.037199124726477024	0.04157549234135667
0.0	0.03290676416819013	0.20475319926873858	0.7623400365630713
0.2379182156133829	0.01734820322180917	0.22800495662949194	0.516728624535316
0.032397408207343416	0.04319654427645788	0.023758099352051837	0.9006479481641468
0.8424242424242424	0.030303030303030304	0.09292929292929293	0.03434343434343434
0.03711790393013101	0.05240174672489083	0.29694323144104806	0.6135371179039302
0.2446043165467626	0.0671462829736211	0.3213429256594724	0.3669064748201439
0.07676767676767676	0.012121212121212121	0.8424242424242424	0.06868686868686869
0.053703703703703705	0.05740740740740741	0.7722222222222223	0.11666666666666667
0.15204678362573099	0.0804093567251462	0.6096491228070176	0.15789473684210525
>ENSG00000153250	11	RBMS1	monomeric
0.08188405797101449	0.06376811594202898	0.15289855072463768	0.7014492753623188
0.0	0.07200720072007201	0.0	0.927992799279928
0.9246636771300448	0.0	0.07533632286995516	0.0
0.0	0.0	0.0018656716417910447	0.9981343283582089
0.9990680335507922	0.0	0.0	0.0009319664492078285
0.6907063197026022	0.048327137546468404	0.22973977695167286	0.031226765799256505
0.0	0.19224683544303797	0.0007911392405063291	0.8069620253164557
0.0	1.0	0.0	0.0
0.9562890276538805	0.028545941123996433	0.015165031222123104	0.0
0.9262792714657415	0.026019080659150044	0.04423243712055507	0.003469210754553339
0.11914600550964187	0.5550964187327824	0.14393939393939395	0.18181818181818182
>ENSG00000076067	10	RBMS2	monomeric
0.0782608695652174	0.6521739130434783	0.06086956521739131	0.20869565217391303
0.6578947368421053	0.09649122807017543	0.21929824561403508	0.02631578947368421
0.0449438202247191	0.0	0.8426966292134831	0.11235955056179775
0.0	0.0	0.038461538461538464	0.9615384615384616
0.025974025974025976	0.0	0.974025974025974	0.0
0.974025974025974	0.0	0.0	0.025974025974025976
0.04878048780487805	0.0	0.036585365853658534	0.9146341463414634
0.0125	0.025	0.025	0.9375
0.184	0.096	0.6	0.12
0.0990990990990991	0.036036036036036036	0.6756756756756757	0.1891891891891892
>ENSG00000076067	10	RBMS2	monomeric
0.05549263873159683	0.7157417893544734	0.11551528878822197	0.11325028312570781
0.1716686674669868	0.030012004801920768	0.758703481392557	0.03961584633853541
0.011075949367088608	0.6993670886075949	0.058544303797468354	0.2310126582278481
0.04138851802403204	0.0801068090787717	0.03471295060080107	0.8437917222963952
0.7989886219974716	0.01643489254108723	0.1213653603034134	0.0632111251580278
0.020558002936857563	0.030837004405286344	0.020558002936857563	0.9280469897209985
0.7783251231527094	0.027093596059113302	0.10837438423645321	0.08620689655172414
0.04192355117139334	0.10357583230579531	0.0752157829839704	0.7792848335388409
0.7109111361079865	0.07874015748031496	0.06636670416197975	0.1439820022497188
0.07166482910694598	0.04189636163175303	0.6968026460859978	0.18963616317530319
>ENSG00000157110	8	RBPMS	monomeric
0.18873917228103945	0.23426371511068336	0.15024061597690086	0.4267564966313763
0.6043157098819287	0.04240097714186006	0.27458849531786195	0.07869481765834933
0.11928773122802974	0.127470754336426	0.5987437330720913	0.15449778136345302
0.031368760064412235	0.012431561996779389	0.6692431561996779	0.28695652173913044
0.0023536057239691207	0.9781585388815666	0.0	0.01948785539446432
1.0	0.0	0.0	0.0
0.0	1.0	0.0	0.0
0.4834732229072272	0.0367674366783035	0.2883458367377256	0.19141350367674367
>ENSG00000157110	11	RBPMS	dimeric
0.15571325722513626	0.027666358119921835	0.302684356680037	0.5139360279749049
0.01015228426395939	0.9755954705193284	0.007223740726278798	0.007028504490433424
0.993636905945516	0.0027838536488367467	0.003579240405647246	0.0
0.015782468149838372	0.9501806427077392	0.009697661152310326	0.024339227990112188
0.23641602634467618	0.00672338090010977	0.6856476399560922	0.07121295279912185
0.174504702821693	0.13147888733239943	0.20072043225935562	0.4932959775865519
0.05902417321666914	0.007860002966038854	0.7410648079489841	0.19205101586830786
0.006074411541381929	0.9485573272589218	0.005125284738041002	0.040242976461655276
0.9904856293359762	0.00356788899900892	0.0037661050545094153	0.002180376610505451
0.014389869531849578	0.9587490406753646	0.0061396776669224865	0.02072141212586339
0.44926956173704224	0.07304382629577746	0.27056233740244146	0.20712427456473884
>ENSG00000166831	11	RBPMS2	dimeric
0.058571898650872	0.8925633432050016	0.02550180980585719	0.023362948338269168
0.955273815812643	0.0012326113752421201	0.024123965486881494	0.019369607325233316
0.07115682682823728	0.7644074961251233	0.08017472171340002	0.08426095533323939
0.7986162225820698	0.008390990725747092	0.05652877962608568	0.13646400706609746
0.15509518477043674	0.06350983842585187	0.4339305711086226	0.3474644056950888
0.22175115207373272	0.04036866359447005	0.32534562211981566	0.4125345622119816
0.15098265895953758	0.010404624277456647	0.6271676300578035	0.21144508670520232
0.028351417570878543	0.9494224711235562	0.014350717535876793	0.007875393769688484
0.9651307596513076	0.0033801814623732433	0.03148905888631916	0.0
0.0	0.9847522236340533	0.0	0.015247776365946633
0.6229188196118958	0.07509472959007923	0.19083706510506374	0.1111493856929613
>ENSG00000166831	11	RBPMS2	dimeric
0.12578616352201258	0.06336477987421384	0.3599056603773585	0.4509433962264151
0.0012410797393732546	0.8898541731306236	0.041886441203847345	0.06701830592615575
0.8987778125979317	0.0	0.0031338138514572234	0.09808837355061109
0.07509881422924901	0.8719975676497416	0.008817269686834904	0.04408634843417452
0.33807476017201454	0.0003307972213033411	0.6106516705259676	0.05094277208071452
0.12441520467836258	0.07280701754385965	0.3834795321637427	0.4192982456140351
0.21803005008347245	0.018530884808013355	0.47879799666110184	0.2846410684474123
0.0	0.9825282631038027	0.0041109969167523125	0.013360739979445015
0.9848901098901099	0.005837912087912088	0.009271978021978022	0.0
0.0	0.9537745261057532	0.0	0.046225473894246756
0.6584022038567493	0.02066115702479339	0.25849403122130393	0.06244260789715335
>ENSG00000166831	6	RBPMS2	monomeric
0.3959451999799267	0.12340041150198224	0.21898680182666733	0.2616675866914237
0.11590578298927862	0.03343514893093622	0.42756401057788895	0.42309505750189624
0.0	1.0	0.0	0.0
1.0	0.0	0.0	0.0
0.0	1.0	0.0	0.0
0.6963009948587835	0.056486612806302995	0.027942845696734993	0.21926954663817855
>ENSG00000185946	13	RNPC3	monomeric
0.022316408615171698	0.002638180088227662	0.9472363982354468	0.02780901306115388
0.0007998578030572343	0.0030661215783860645	0.9949342339139708	0.0011997867045858515
0.0	0.0005782146510696971	0.9990214828981897	0.0004003024507405595
0.11443493089849717	0.14370980921590223	0.18435357231676555	0.557501687568835
0.04152810446913781	0.3800389325979398	0.4728282910211696	0.10560467191175278
0.0008438069014522361	0.0009326286805524715	0.0008882177910023537	0.997335346626993
0.9971577030687925	0.00026646533730070616	0.0023981880357063553	0.00017764355820047074
0.002567735080573756	0.9932264919426244	0.0019479369576766426	0.0022578360191251993
0.13668136358748254	0.005233537656378822	0.6582069756604653	0.19987812309567338
0.01348936170212766	0.002808510638297872	0.9552765957446808	0.028425531914893616
0.000755891507336594	0.0003557136505113384	0.9985326811916407	0.0003557136505113384
0.00022215310792197984	0.0008441818101035234	0.9977340382991958	0.0011996267827786911
0.0012851968687930832	0.0008178525528683258	0.13089535381859252	0.8670015967597461
>ENSG00000185946	18	RNPC3	monomeric
0.1710741548527808	0.06972464558342421	0.5922164667393675	0.16698473282442747
0.12659836984969716	0.07649742017497943	0.7066477230240036	0.09025648695131983
0.1681134450997283	0.09104764429129945	0.5731230534755815	0.16771585713339077
0.25652707201682146	0.11661117925354827	0.3360785000876117	0.2907832486420186
0.3382289041453029	0.1250543147649257	0.13887199096202313	0.3978447901277483
0.09188458787059853	0.028614577537556633	0.7862650027819729	0.09323583180987204
0.006771372143327377	0.010815386062259005	0.9703752468729427	0.012037994921470892
0.013159122725151656	0.010172655156322912	0.9698553429771348	0.006812879141390574
0.1468880346773534	0.20111229246749	0.19743191297947166	0.454567759875685
0.06933911159263272	0.2515709642470206	0.4841459010473095	0.19494402311303718
0.005308056872037914	0.0	0.005308056872037914	0.9893838862559242
0.9364372101482222	0.004728562335182322	0.0549240702009639	0.003910157315631536
0.0025344973246972683	0.9774711348915799	0.009480897399793485	0.01051347038392941
0.12541993281075028	0.006202084589542596	0.5951417004048583	0.2732362821948488
0.03764184887904788	0.0077497924162745644	0.6696189685395332	0.2849893901651444
0.030810623155702134	0.01918069779552161	0.8919458427356362	0.05806283631314008
0.008838031444785562	0.0024188296585728906	0.9679970229788818	0.02074611591775979
0.0038015586390420073	0.004846987264778559	0.34014445922828357	0.6512069948678958
>ENSG00000075856	9	SART3	monomeric
0.24575820081176392	0.050402555060216916	0.36512742032071327	0.33871182380730586
0.003823209518473353	0.001054678487854718	0.9906726871230348	0.0044494248706370915
0.02255616086184734	0.007712554324539389	0.049794943992165025	0.9199363408214483
0.005491601080700106	0.001850111594032656	0.10994948901679784	0.8827087983084694
1.0	0.0	0.0	0.0
3.326790645064706e-05	0.0	0.9999667320935494	0.0
0.05822733344949759	0.8729163036533658	0.04388104780159145	0.0249753150955451
0.4289404167889639	0.0071323745230407985	0.4533020252421485	0.11062518344584679
0.14194129201222175	0.038056525534701006	0.43354430379746833	0.3864578786556089
>ENSG00000104852	10	SNRNP70	monomeric
0.010578847503443973	0.0028851402282119927	0.9517063914953344	0.03482962077300964
0.137156902908644	0.09018161955482726	0.19044107606172334	0.5822204014748054
0.0	0.0	0.0	1.0
0.0	1.0	0.0	0.0
0.9965434652441347	0.0	0.0	0.0034565347558652222
0.47262051071965044	0.2528471937730438	0.10118803768947153	0.17334425781783422
0.040942159847273105	0.0033538001135132345	0.9446107012022084	0.011093338837005315
0.21895398060904	0.28340843916427694	0.3024716646183258	0.19516591560835722
0.23424825891028267	0.026164140379625837	0.5022804861395603	0.2373071145705312
0.0887651843700779	0.037435001186700324	0.7900187714415172	0.08378104300170454
>ENSG00000104852	10	SNRNP70	monomeric
0.0014028524666822538	0.0	0.9985971475333177	0.0
0.041969013532065114	0.026279662678956657	0.09413610511865071	0.8376152186703275
0.000468055230517201	0.0	0.0	0.9995319447694828
0.000468055230517201	0.9995319447694828	0.0	0.0
1.0	0.0	0.0	0.0
0.8560833834435758	0.043094808578873524	0.043495690519142115	0.0573261174584085
0.003246000463714352	0.0034778576396939484	0.990261998608857	0.0030141432877347552
0.08875432525951557	0.06885813148788927	0.7389273356401385	0.10346020761245675
0.07002987056090275	0.023896448722203784	0.19731164951875207	0.7087620311981414
0.07333333333333333	0.01647058823529412	0.8374509803921568	0.07274509803921568
>ENSG00000077312	9	SNRPA	monomeric
0.07852584972001563	0.7364240135434301	0.06862872769891913	0.1164214090376351
0.6789530555889063	0.05750990515067835	0.21335094249009484	0.050186096770320564
0.1001866832607343	0.05538270068450529	0.14063472308649658	0.7037958929682638
0.11433958079183763	0.11677941665742486	0.14173228346456693	0.6271487190861705
0.020157157499145883	0.009736932012299283	0.966006149641271	0.004099760847283909
0.005692307692307693	0.87	0.003076923076923077	0.12123076923076923
0.9797297297297297	0.0008662508662508662	0.01645876645876646	0.002945252945252945
0.01099983582334592	0.9284189788212116	0.021342965030372682	0.039238220325069774
0.3237842617152962	0.1660477453580902	0.3202475685234306	0.18992042440318302
>ENSG00000077312	7	SNRPA	monomeric
0.19889224572004027	0.0593040170079445	0.3531386371265525	0.3886651001454627
0.20107245978275815	0.10966588752921766	0.19771758559054037	0.4915440670974838
0.005698300870285951	0.030304600082884377	0.925973891421467	0.03802320762536262
0.0	0.9682049615426281	0.0	0.0317950384573719
0.9843061674008811	0.0	0.015693832599118943	0.0
0.0	1.0	0.0	0.0
0.35779963862678177	0.1419393696044971	0.35992772535635414	0.14033326641236699
>ENSG00000125870	10	SNRPB2	monomeric
0.044205682194879393	0.026266014078739543	0.894331454868085	0.035196848858296124
0.0003048382180028742	0.0005661281191481949	0.9986500021774158	0.00047903148543308803
0.0012399390907113334	0.00047857298237981294	0.9976941483576245	0.0005873395692843159
0.0004339618547529672	0.0010632065441447697	0.0033415062815978476	0.9951613253195044
8.704167120008704e-05	0.0001523229246001523	0.998019801980198	0.0017408334240017408
0.0024111041119099855	0.0005430414666463932	0.0008037013706366619	0.996242153050807
0.00019615535504119262	2.1795039449021402e-05	0.9996076892899176	0.00017436031559217122
0.00036935645070177727	0.9964802502933124	0.0	0.0031503932559857474
0.8702020681149796	0.0008158618726876008	0.12797647282041552	0.0010055971919172755
0.014626543579906486	0.9164368780721736	0.03536746193501978	0.033569116412900134
>ENSG00000125870	11	SNRPB2	monomeric
0.13329245861434702	0.18062538320049049	0.44009809932556715	0.24598405885959534
0.04867880571393538	0.3707314082520998	0.3915149285758077	0.18907485745815708
0.0398640700562018	0.710582494663007	0.18102208861586722	0.06853134666492397
0.9716430358632193	0.009233885380674371	0.01816990349100441	0.0009531752651018706
0.0002890340482108792	0.01687958841551535	0.04000231227238569	0.9428290652638881
0.003282674772036474	0.000668693009118541	0.004559270516717325	0.9914893617021276
0.0003058478101296795	0.0	0.9976755566430144	0.0020185955468558846
0.0005472788081483734	0.9917908178777743	0.001945880206749772	0.005716023107327455
1.0	0.0	0.0	0.0
0.0027619638126373937	0.9193393833493039	0.06673806437066682	0.011160588467391918
0.1750459840588596	0.22225628448804413	0.28595953402820357	0.31673819742489273
>ENSG00000120948	10	TARDBP	monomeric
0.00035515567657156387	0.0	0.9783355037291346	0.021309340594293832
0.16338694418164618	0.01892147587511826	0.0358561967833491	0.7818353831598864
0.09257463088694902	0.0004310809354456299	0.8906132126306714	0.016381075546933938
0.03176634861531301	0.002210844775424715	0.00442168955084943	0.9616011170584129
0.007283582089552239	0.0011940298507462687	0.9867462686567164	0.004776119402985075
0.6804446274186908	0.005928365582544257	0.11988472622478386	0.19374228077398106
0.4905615576397958	0.0006529739997625549	0.4513831176540425	0.057402350706399145
0.04442195231668916	0.0029239766081871343	0.02327935222672065	0.9293747188484031
0.0106702234078026	0.0014449260864732689	0.9185283983550072	0.06935645215071691
0.11673469387755102	0.006462585034013605	0.5621768707482994	0.31462585034013607
>ENSG00000120948	11	TARDBP	dimeric
0.05894201208523269	0.0078448001696173	0.8436340506731687	0.08957913707198134
0.2593490025038365	0.0161537840239076	0.08173814716097245	0.6427590663112834
0.12398246712586099	0.0027134209977040286	0.8305155499895638	0.04278856188687122
0.0899482549818342	0.007926896399867885	0.025982604866233622	0.8761422437520643
0.04632605563559792	0.004654771140418929	0.8819683032250915	0.06705086999889172
0.6595878361397336	0.02186479014827846	0.07263131440060316	0.24591605931138477
0.25725999316706527	0.0	0.6797061838059446	0.0630338230269901
0.15424984564725253	0.00874665569047129	0.0181107223708582	0.818892776291418
0.09812042051608792	0.006796219602845917	0.845067431241372	0.05001592863969417
0.18392871740374397	0.00776587917926919	0.15776996648410038	0.6505354369328864
0.1349199767808276	0.010863255659673273	0.6599220499212206	0.19429471763827846
>ENSG00000066654	11	THUMPD1	monomeric
0.15368050117462803	0.09729835552075176	0.022905246671887234	0.726115896632733
0.01470221779217543	0.03588337901819088	0.02516820333914777	0.924246199850486
0.011686991869918699	0.9423272357723578	0.007367886178861789	0.03861788617886179
0.0013462574044157242	0.0	0.9986537425955843	0.0
0.0	0.0008081896551724138	0.0	0.9991918103448276
0.018263631551085232	0.0	0.9817363684489148	0.0
0.0	0.0	0.9997304582210242	0.00026954177897574127
0.001638960430812456	0.8684148911262	0.007492390540856942	0.12245375790213064
0.10520231213872833	0.03603082851637765	0.1441233140655106	0.7146435452793835
0.089818113632102	0.12450778173635853	0.09019313707106694	0.6954809675604725
0.09495071414202373	0.05612552806276403	0.7461275397304366	0.1027962180647757
>ENSG00000066654	11	THUMPD1	monomeric
0.2510387811634349	0.06128808864265928	0.07756232686980609	0.6101108033240997
0.0024067388688327317	0.0	0.9975932611311673	0.0
0.0	0.9967935871743487	0.0032064128256513026	0.0
0.0020016012810248197	0.00040032025620496394	0.9955964771817454	0.0020016012810248197
0.00039323633503735744	0.9779787652379079	0.0	0.02162799842705466
0.01814595660749507	0.0	0.9810650887573964	0.0007889546351084812
0.0	0.0020064205457463883	0.9979935794542536	0.0
0.059439252336448596	0.002616822429906542	0.00822429906542056	0.9297196261682243
0.04744916161255797	0.5397788084195505	0.06528719229397074	0.3474848376739208
0.07277882797731569	0.057655954631379965	0.08601134215500945	0.7835538752362949
0.1662176724137931	0.05091594827586207	0.1128771551724138	0.669989224137931
>ENSG00000065978	11	YBX1	monomeric
0.25177304964539005	0.07801418439716312	0.38652482269503546	0.28368794326241137
0.13133208255159476	0.1350844277673546	0.2045028142589118	0.5290806754221389
0.5562130177514792	0.005917159763313609	0.22287968441814596	0.21499013806706113
0.706766917293233	0.09774436090225563	0.03258145363408521	0.16290726817042606
0.02849740932642487	0.7305699481865285	0.19948186528497408	0.04145077720207254
0.9825783972125436	0.0	0.013937282229965157	0.003484320557491289
0.1402116402116402	0.010582010582010581	0.10317460317460317	0.746031746031746
0.006872852233676976	0.9690721649484536	0.01718213058419244	0.006872852233676976
0.14444444444444443	0.011111111111111112	0.6266666666666667	0.21777777777777776
0.029411764705882353	0.22850678733031674	0.6380090497737556	0.10407239819004525
0.0392156862745098	0.0196078431372549	0.9215686274509803	0.0196078431372549
>ENSG00000006047	13	YBX2	monomeric
0.010638297872340425	0.0	0.9680851063829787	0.02127659574468085
0.01680672268907563	0.7647058823529411	0.08403361344537816	0.13445378151260504
0.24444444444444444	0.674074074074074	0.022222222222222223	0.05925925925925926
0.7711864406779662	0.0	0.059322033898305086	0.1694915254237288
0.16167664670658682	0.19161676646706588	0.10179640718562874	0.5449101796407185
0.3956043956043956	0.0	0.43956043956043955	0.16483516483516483
0.38461538461538464	0.18681318681318682	0.06593406593406594	0.3626373626373626
0.01098901098901099	0.8351648351648352	0.10989010989010989	0.04395604395604396
0.9191919191919192	0.020202020202020204	0.030303030303030304	0.030303030303030304
0.02857142857142857	0.06666666666666667	0.0380952380952381	0.8666666666666667
0.01020408163265306	0.9285714285714286	0.02040816326530612	0.04081632653061224
0.04081632653061224	0.0	0.9285714285714286	0.030612244897959183
0.037037037037037035	0.8425925925925926	0.06481481481481481	0.05555555555555555
>ENSG00000006047	10	YBX2	monomeric
0.23421828908554573	0.012389380530973451	0.45309734513274336	0.30029498525073745
0.06555863342566944	0.08264081255771007	0.06925207756232687	0.7825484764542936
0.8366238894373149	0.0	0.057749259624876606	0.10562685093780849
0.8462306540189716	0.09385921118322517	0.0024962556165751375	0.05741387918122816
0.0	0.8079122974261201	0.18636796949475692	0.005719733079122974
0.9988214496169712	0.0	0.0	0.0011785503830288745
0.026908292147171883	0.012081274025260845	0.030203185063152116	0.9308072487644151
0.0	0.995302407516148	0.004697592483852026	0.0
0.4672566371681416	0.09498525073746313	0.16932153392330385	0.26843657817109146
0.19705014749262537	0.10914454277286136	0.35575221238938054	0.3380530973451327
>ENSG00000135482	11	ZC3H10	dimeric
0.021470721743077622	0.0007716749886518384	0.9553790285973672	0.022378574670903314
0.0008043910286741744	0.9958834106179616	0.0017034162960158986	0.0016087820573483487
0.0004262372720814587	0.0013734312100402558	0.9967795406109401	0.0014207909069381957
0.0013695395513577333	0.9939551357733176	0.0041086186540732	0.0005667060212514758
0.6240770941438102	0.03057079318013343	0.2828465530022239	0.06250555967383246
0.17781700005603182	0.06914327337927943	0.16338880484114976	0.589650921723539
0.0007591213170754851	0.00037956065853774254	0.9985766475304835	0.0002846704939033069
0.0011807490672082368	0.9940490247012704	0.0029282576866764276	0.0018419685448448496
0.026871401151631478	0.002455028344418158	0.939472392090345	0.03120117841360532
0.2941986981517556	0.05178885351831615	0.18282890673255095	0.4711835415973773
0.2663562502969544	0.1536085902979047	0.2512947213379579	0.32874043806718295
>ENSG00000135482	11	ZC3H10	dimeric
0.23318925813080138	0.2221356196414653	0.24984057252178843	0.29483454970594486
0.03327208295051844	0.002100013125082032	0.9261714135713348	0.038456490353064705
0.0011901428171380566	0.9880285634276114	0.005810697283674041	0.004970596471576589
0.0021909675595448443	0.0	0.9974556505760125	0.0003533818644427168
0.0017502100252030244	0.9880285634276114	0.002590310837300476	0.0076309157098851865
0.8445335407815212	0.012087846328765485	0.036562743103345105	0.10681586978636826
0.0008480565371024735	0.0007067137809187279	0.9973851590106007	0.0010600706713780918
0.00028196813760045117	0.9948540814887917	0.003595093754405752	0.0012688566192020302
0.006415173279408689	0.0008367617320967854	0.9841015270901611	0.00864653789833345
0.2405500730343083	0.07681071644875129	0.17984253090598168	0.5027966796109588
0.26280734074966344	0.13554878480833274	0.22893785871182598	0.37270601573017786
>ENSG00000163874	13	ZC3H12A	monomeric
0.15888382687927108	0.42312072892938496	0.19305239179954442	0.22494305239179954
0.12547673531655226	0.12471395881006865	0.19107551487414187	0.5587337909992373
0.13993316624895571	0.0910609857978279	0.10192147034252297	0.6670843776106934
0.011122881355932203	0.00847457627118644	0.9258474576271186	0.05455508474576271
0.0	0.8068731848983544	0.0590513068731849	0.1340755082284608
0.08838987099856666	0.7974199713330148	0.06832298136645963	0.04586717630195891
0.7093942054433714	0.16681299385425813	0.021071115013169446	0.10272168568920105
0.409903011740684	0.05308831036242981	0.0781010719754977	0.45890760592138846
0.6391919191919192	0.01575757575757576	0.28565656565656566	0.059393939393939395
0.0399002493765586	0.000997506234413965	0.8488778054862843	0.11022443890274314
0.05494037478705281	0.009369676320272573	0.2393526405451448	0.6963373083475298
0.055495103373231776	0.000544069640914037	0.720892274211099	0.22306855277475518
0.09480997139354311	0.0469963220269718	0.22435635472006538	0.6338373518594197
>ENSG00000102053	17	ZC3H12B	monomeric
0.04911017524792827	0.11166961010732238	0.00988316804781959	0.8293370465969298
0.00193469554001765	0.00010182608105356052	0.9976580001357681	0.00030547824316068156
0.00010108497877215445	0.9045420850461622	0.0010782397735696475	0.09427859020149605
0.005380346507850568	0.0007782891174878181	0.9936383324309691	0.0002030319436924743
0.49013347824610265	0.061304894202357095	0.194545392792854	0.2540162347586863
0.01099273936350682	0.9853090859740788	0.0007464205740652779	0.0029517540883490533
0.999320905911514	0.0	0.0006451393840616618	3.3954704424297986e-05
0.0	3.396277679663089e-05	0.9999660372232033	0.0
3.396047001290498e-05	0.00010188141003871493	3.396047001290498e-05	0.9998301976499355
3.396277679663089e-05	0.9997962233392202	0.0	0.00016981388398315447
0.0001697908177125781	0.0	0.9996264602010323	0.00020374898125509371
6.792555359326178e-05	0.0	0.9997962233392202	0.00013585110718652356
0.0	0.00010188487009679063	0.0	0.9998981151299032
0.999830191883172	3.3961623365596876e-05	0.00010188487009679063	3.3961623365596876e-05
3.3928207912058085e-05	3.3928207912058085e-05	0.9989142973468141	0.0010178462373617427
0.0004048446408690665	0.8771296514962383	0.0013832191896359773	0.12108228467325664
0.26895122945252004	0.011547344110854504	0.12420187474527918	0.5952995516913463
>ENSG00000149289	17	ZC3H12C	monomeric
0.2638440860215054	0.005510752688172043	0.45120967741935486	0.2794354838709677
0.03391408431972337	0.034446069956111186	0.049075674956776165	0.8825641707673892
0.00013439053890606102	0.00013439053890606102	0.9995968283832818	0.00013439053890606102
0.0003977724741447892	0.8521612304428533	0.0064969504110315565	0.1409440466719703
0.001074258090506244	0.0	0.9989257419094938	0.0
0.2060483870967742	0.054704301075268816	0.4135752688172043	0.3256720430107527
0.010017363429945239	0.9893148123413917	0.0005342593829304127	0.00013356484573260317
0.9532897370879487	0.0	0.046576805018016816	0.00013345789403443215
0.0	0.00013435442697836894	0.9995969367190649	0.0002687088539567379
0.0	0.00013440860215053763	0.0	0.9998655913978495
0.0	0.999731255038968	0.0	0.0002687449610319806
0.0	0.00040311744154797097	0.9994625100779361	0.0001343724805159903
0.00013439053890606102	0.0	0.9995968283832818	0.00026878107781212203
0.0	0.0	0.0	1.0
1.0	0.0	0.0	0.0
0.0	0.0	1.0	0.0
0.0010638297872340426	0.9672872340425532	0.006117021276595745	0.02553191489361702
>ENSG00000144161	6	ZC3H8	monomeric
0.09096409842678499	0.06676079064138765	0.6916095199677289	0.15066559096409843
0.02711251694532309	0.7747401717126073	0.02349751468594668	0.1746497966561229
0.03648890022965042	0.009951518244450114	0.0785914774177086	0.8749681041081908
0.012018641157714005	0.021829776796664212	0.12509197939661515	0.8410596026490066
0.022378983215762586	0.0858671855996108	0.8341036244222817	0.057650206762344926
0.022126613398893668	0.5268899815611555	0.04287031346035648	0.40811309157959436
>ENSG00000139168	10	ZCRB1	monomeric
0.012276785714285714	0.041294642857142856	0.9073660714285714	0.0390625
0.14553686934023286	0.20310478654592498	0.12548512289780078	0.5258732212160414
0.5508130081300813	0.14566395663956638	0.09146341463414634	0.21205962059620595
0.02551984877126654	0.003780718336483932	0.20226843100189035	0.7684310018903592
0.0	0.008413461538461538	0.014423076923076924	0.9771634615384616
0.9830713422007256	0.0	0.009673518742442563	0.007255139056831923
0.9387990762124712	0.005773672055427252	0.019630484988452657	0.03579676674364896
0.1559278350515464	0.03178694158075601	0.3492268041237113	0.4630584192439863
0.13688430698739978	0.05211912943871707	0.46563573883161513	0.34536082474226804
0.13090257023311416	0.055588762701733414	0.4859533771667663	0.3275552898983861
>ENSG00000139168	13	ZCRB1	monomeric
0.03807615230460922	0.013026052104208416	0.8947895791583166	0.05410821643286573
0.037463976945244955	0.01633045148895293	0.08837656099903939	0.8578290105667628
0.019543973941368076	0.0010857763300760044	0.9695982627578719	0.009771986970684038
0.001091703056768559	0.004366812227074236	0.9748908296943232	0.019650655021834062
0.7510513036164844	0.023549201009251473	0.1471825063078217	0.0782169890664424
0.35294117647058826	0.5588235294117647	0.02190237797246558	0.06633291614518148
0.009750812567713976	0.0	0.02275189599133261	0.9674972914409534
0.005567928730512249	0.0	0.0	0.9944320712694877
0.9845644983461963	0.0	0.009922822491730982	0.005512679162072767
0.9685466377440347	0.0010845986984815619	0.005422993492407809	0.024945770065075923
0.23154362416107382	0.05145413870246085	0.30201342281879195	0.41498881431767337
0.19798657718120805	0.05704697986577181	0.39149888143176736	0.3534675615212528
0.1959686450167973	0.05823068309070549	0.4143337066069429	0.3314669652855543
>ENSG00000139168	9	ZCRB1	monomeric
0.0062197824335213535	0.053208098307816275	0.8982423448831588	0.04232977437550363
0.1027164923887752	0.22326259426424827	0.15270107370132602	0.5213198396456505
0.4168652406716941	0.2725182921701102	0.17840823077570014	0.1322082363824956
0.0	0.0	0.13409394343973782	0.8659060565602622
0.0	0.0	0.0	1.0
1.0	0.0	0.0	0.0
1.0	0.0	0.0	0.0
0.07698609731876863	0.037462760675273085	0.4697368421052632	0.41581429990069513
0.07821524957752163	0.02206976568214493	0.6431760284510808	0.25653895628925266
>ENSG00000139168	10	ZCRB1	monomeric
0.05784262636789995	0.014590932777488274	0.8957790515893694	0.03178738926524231
0.01638418079096045	0.003389830508474576	0.00903954802259887	0.9711864406779661
0.007896221094190638	0.001692047377326565	0.9695431472081218	0.02086858432036097
0.0022935779816513763	0.0017201834862385322	0.9856651376146789	0.010321100917431193
0.7582708425231584	0.032642258491398325	0.11865902073224525	0.09042787825319806
0.12922465208747516	0.8543737574552683	0.016401590457256462	0.0
0.0005649717514124294	0.0	0.02824858757062147	0.9711864406779661
0.0	0.0005810575246949448	0.0005810575246949448	0.9988378849506101
0.9965217391304347	0.0011594202898550724	0.002318840579710145	0.0
1.0	0.0	0.0	0.0
>ENSG00000128016	13	ZFP36	monomeric
0.10998263888888889	0.12556423611111112	0.39676649305555556	0.36768663194444445
0.03940874420459644	4.9852933845156785e-05	7.477940076773518e-05	0.9604666234607907
0.9972765098978691	0.0	0.0010087000378262514	0.0017147900643046275
0.0015050418903326142	0.0006271007876385892	0.00569407515175839	0.9921737821702704
0.0007696318180689689	0.0008192854837508379	0.017478090320017875	0.9809329923781623
0.0	0.00032307768775784087	0.016800039763407725	0.9828768825488344
0.9992925005053568	0.00015160703456640388	0.00020214271275520516	0.00035374974732160905
0.0038133239052477396	0.0003030456083640588	0.0001767766048790343	0.9957068538815091
0.0008107510502911333	0.0025059577918089574	0.9679876176203228	0.02869567353757708
0.005160265952168304	0.0024808970923886078	0.9811948000396944	0.011164036915748734
0.050979257464238564	0.17769499249507206	0.20017360797149936	0.57115214206919
0.06626762663485707	0.04328377284539684	0.6889404848123376	0.2015081157074085
0.03467750126968004	0.04926358557643474	0.7985170137125445	0.11754189944134079
>ENSG00000128016	9	ZFP36	monomeric
0.10982480512464304	0.13274677780350388	0.19024465539862623	0.5671837616732268
0.0021724372029871012	0.0	0.0	0.9978275627970129
1.0	0.0	0.0	0.0
0.0	0.0	0.0	1.0
0.0	0.0	0.007294340132378766	0.9927056598676213
0.0	0.0	0.0	1.0
1.0	0.0	0.0	0.0
0.0	0.0	0.0	1.0
0.07310444786665458	0.06250566174472326	0.19865929884953348	0.6657305915390886
>ENSG00000056097	10	ZFR	monomeric
0.09479553903345725	0.05762081784386617	0.7732342007434945	0.07434944237918216
0.05330882352941176	0.04411764705882353	0.13786764705882354	0.7647058823529411
0.03624733475479744	0.03837953091684435	0.8869936034115139	0.03837953091684435
0.687603305785124	0.019834710743801654	0.15206611570247933	0.14049586776859505
0.02914798206278027	0.9327354260089686	0.0	0.03811659192825112
0.002288329519450801	0.029748283752860413	0.9519450800915332	0.016018306636155607
0.024714828897338403	0.03802281368821293	0.7908745247148289	0.14638783269961977
0.8927038626609443	0.04935622317596566	0.002145922746781116	0.055793991416309016
0.0	0.038461538461538464	0.020361990950226245	0.9411764705882353
0.02748414376321353	0.040169133192389	0.879492600422833	0.052854122621564484
>ENSG00000056097	10	ZFR	monomeric
0.054628224582701064	0.0409711684370258	0.8452200303490136	0.05918057663125948
0.14442916093535077	0.037138927097661624	0.052269601100412656	0.7661623108665749
0.08322147651006712	0.0	0.7476510067114094	0.1691275167785235
0.029282576866764276	0.8155197657393851	0.0	0.15519765739385066
0.013574660633484163	0.08144796380090498	0.8401206636500754	0.06485671191553545
0.03040173724212812	0.0727470141150923	0.6047774158523345	0.2920738327904452
0.8595679012345679	0.06481481481481481	0.0	0.07561728395061729
0.0	0.005338078291814947	0.0035587188612099642	0.9911032028469751
0.02622950819672131	0.05245901639344262	0.9131147540983606	0.00819672131147541
0.04308797127468582	0.4991023339317774	0.11131059245960502	0.3464991023339318
>ENSG00000056097	10	ZFR	monomeric
0.06427015250544663	0.007625272331154684	0.8600217864923747	0.06808278867102396
0.01040391676866585	0.006731946144430845	0.9663402692778458	0.016523867809057527
0.0011111111111111111	0.8772222222222222	0.07388888888888889	0.04777777777777778
0.9059093516924842	0.0189328743545611	0.007458405048766495	0.06769936890418818
0.00425273390036452	0.9592952612393681	0.00425273390036452	0.03219927095990279
0.0018963337547408343	0.0	0.9981036662452591	0.0
0.007965686274509803	0.0030637254901960784	0.9675245098039216	0.02144607843137255
0.9993670886075949	0.0	0.0006329113924050633	0.0
0.0	0.002520478890989288	0.002520478890989288	0.9949590422180214
0.01651376146788991	0.0	0.9657492354740062	0.017737003058103974
>ENSG00000056097	14	ZFR	monomeric
0.039353661714881416	0.007818608287724784	0.008861089392754757	0.9439666406046391
0.030695078640284118	0.016996448503297817	0.02815829528158295	0.9241501775748351
0.0016339869281045752	0.0002723311546840959	0.9978213507625272	0.0002723311546840959
0.0002679528403001072	0.9817792068595927	0.01795284030010718	0.0
0.0005455537370430987	0.9994544462629569	0.0	0.0
0.0	0.0	1.0	0.0
0.0002726281352235551	0.0005452562704471102	0.9989094874591058	0.0002726281352235551
1.0	0.0	0.0	0.0
0.00027285129604365623	0.0	0.0	0.9997271487039563
0.005151843817787419	0.0021691973969631237	0.9915943600867679	0.0010845986984815619
0.002171552660152009	0.6012486427795874	0.06813246471226928	0.3284473398479913
0.02870687384777456	0.7039768238082696	0.023176191730313406	0.24414011061364235
0.04344587884806356	0.0029791459781529296	0.8609731876861966	0.09260178748758689
0.029683698296836983	0.3467153284671533	0.10218978102189781	0.5214111922141119
>ENSG00000132485	12	ZRANB2	dimeric
0.3689400164338537	0.09543373635403217	0.3307899988261533	0.2048362483859608
0.3649489376687405	0.08052588331963846	0.28923582580115037	0.2652893532104707
0.06068928856206255	0.03791973066359529	0.7547621157083371	0.14662886506600514
0.03598645215918713	0.024470787468247247	0.721337849280271	0.21820491109229467
0.0682397357243983	0.049079754601226995	0.07862199150542709	0.8040585181689476
0.6542508255894325	0.03732432224867522	0.09976192304738499	0.20866292911450735
0.09000989119683482	0.006627101879327399	0.8426310583580613	0.06073194856577646
0.03807390817469205	0.009060368522854525	0.8672503308561539	0.0856153924462995
0.047388685951229144	0.020238917958337446	0.09132194688518117	0.8410504492052523
0.5497521571507251	0.01799155498439508	0.23223792913530383	0.2000183587295759
0.4028891042015326	0.04069408966792918	0.34748524619043425	0.20893155994010393
0.14941314553990612	0.05927230046948357	0.4766431924882629	0.3146713615023474
>ENSG00000132485	13	ZRANB2	dimeric
0.20714754816112085	0.16139448336252188	0.381239054290718	0.25021891418563924
0.21376970227670752	0.10584500875656742	0.3168782837127846	0.3635070052539405
0.4890542907180385	0.08461033274956217	0.19176882661996497	0.23456654991243434
0.023354456255110383	0.0070523303352412105	0.9337694194603434	0.03582379394930499
0.00697400133326496	0.003999794882313727	0.9369775908927748	0.052048612891646584
0.009313520301381332	0.010464629552113856	0.024173294265383005	0.9560485558811218
0.7984618073763328	0.013502884111169376	0.07826428945988463	0.10977101905261318
0.7439133621040632	0.008875498737887793	0.16260890806937545	0.08460223108867355
0.016573441060700227	0.0046612802983219395	0.946343484565983	0.03242179407499482
0.011532211563663049	0.0022540231692614143	0.9578025895056875	0.02841117576138806
0.017826786124511832	0.00914311968757179	0.13351711463358604	0.8395129795543304
0.5523752189141856	0.020413747810858144	0.23412872154115585	0.19308231173380036
0.2627517513134851	0.048106392294220666	0.4569833625218914	0.2321584938704028
