MEME version 5.4.1

ALPHABET=ACGU

MOTIF ENSG00000148584 RNAcompete
letter-probability matrix: alength= 4 w= 6
 0.395328793964 0.105513888686 0.105513888686 0.393643427745
 0.00770456803068 0.00770456803068 0.00770456803068 0.976886297348
 0.976886297348 0.00770456803068 0.00770456803068 0.00770456803068
 0.976886297348 0.00770456803068 0.00770456803068 0.00770456803068
 0.00770456803068 0.00770456803068 0.00770456803068 0.976886297348
 0.00770456803068 0.00770456803068 0.00770456803068 0.976886297348

MOTIF ENSG00000131503 RNAcompete
letter-probability matrix: alength= 4 w= 6
 0.773202708629 0.0755990967725 0.0755990967725 0.0755990967725
 0.00430461221593 0.00430461221593 0.987086161346 0.00430461221593
 0.987086161346 0.00430461221593 0.00430461221593 0.00430461221593
 0.00430461221593 0.987086161346 0.00430461221593 0.00430461221593
 0.00430461221593 0.00430461221593 0.987086161346 0.00430461221593
 0.228809755237 0.10208869663 0.00430461221593 0.664796933911

MOTIF ENSG00000101489 RNAcompete
letter-probability matrix: alength= 4 w= 6
 0.0850634504936 0.0850634504936 0.175951658142 0.65392143623
 0.0130464984118 0.0130464984118 0.776576805288 0.197330201099
 0.0130464984118 0.0130464984118 0.0130464984118 0.960860507975
 0.0130464984118 0.0130464984118 0.764576198088 0.209330808298
 0.0130464984118 0.0130464984118 0.10463357716 0.869273429227
 0.0130464984118 0.0130464984118 0.666799025116 0.307107981271

MOTIF ENSG00000161082 RNAcompete
letter-probability matrix: alength= 4 w= 6
 0.0839638134106 0.0839638134106 0.0839638134106 0.748108561016
 0.0101230245095 0.0101230245095 0.88022203444 0.0995319194533
 0.0101230245095 0.0101230245095 0.0101230245095 0.969630929384
 0.0101230245095 0.0101230245095 0.772610843868 0.207143110025
 0.0101230245095 0.0101230245095 0.0961100779776 0.883643875916
 0.0101230245095 0.0101230245095 0.73430522957 0.245448724323

MOTIF ENSG00000140488 RNAcompete
letter-probability matrix: alength= 4 w= 6
 0.0603265341719 0.0603265341719 0.0603265341719 0.819020397058
 0.0130412745123 0.0130412745123 0.960876174794 0.0130412745123
 0.0130412745123 0.0130412745123 0.0130412745123 0.960876174794
 0.0130412745123 0.0130412745123 0.858392416876 0.11552503243
 0.202543478393 0.0130412745123 0.400628525558 0.383786719868
 0.0130412745123 0.0130412745123 0.47825442604 0.495663023267

MOTIF ENSG00000080802 RNAcompete
letter-probability matrix: alength= 4 w= 6
 0.0289260721555 0.168882979547 0.773264876773 0.0289260721555
 0.984561125295 0.00514629085692 0.00514629085692 0.00514629085692
 0.00514629085692 0.914510454248 0.0751969619042 0.00514629085692
 0.984561125295 0.00514629085692 0.00514629085692 0.00514629085692
 0.00514629085692 0.18416770185 0.805539714302 0.00514629085692
 0.984561125295 0.00514629085692 0.00514629085692 0.00514629085692

MOTIF ENSG00000137449 RNAcompete
letter-probability matrix: alength= 4 w= 6
 0.0328789423926 0.796090953786 0.0328789423926 0.138151161723
 0.277371950787 0.218125806733 0.00894548662495 0.495556756342
 0.104263170594 0.0961698533174 0.00894548662495 0.790621489951
 0.00894548662495 0.00894548662495 0.00894548662495 0.973163540612
 0.00894548662495 0.00894548662495 0.00894548662495 0.973163540612
 0.00894548662495 0.00894548662495 0.00894548662495 0.973163540612

MOTIF ENSG00000113742 RNAcompete
letter-probability matrix: alength= 4 w= 6
 0.169792511216 0.452469121274 0.164509463053 0.21322890379
 0.0969297458225 0.0919880574447 0.00658218974643 0.804500007215
 0.00658218974643 0.00658218974643 0.00658218974643 0.980253430989
 0.00658218974643 0.00658218974643 0.00658218974643 0.980253430989
 0.00658218974643 0.00658218974643 0.00658218974643 0.980253430989
 0.00658218974643 0.00658218974643 0.0905657264724 0.896269894263

MOTIF ENSG00000071626 RNAcompete
letter-probability matrix: alength= 4 w= 6
 0.0120214810402 0.0120214810402 0.0120214810402 0.963935552231
 0.963935552231 0.0120214810402 0.0120214810402 0.0120214810402
 0.101643707065 0.0120214810402 0.874313326206 0.0120214810402
 0.117534033557 0.0120214810402 0.670501924945 0.199942555809
 0.201960375046 0.0120214810402 0.0992223239806 0.686795815284
 0.686795815284 0.0120214810402 0.0979107414765 0.20327195755

MOTIF ENSG00000066044 RNAcompete
letter-probability matrix: alength= 4 w= 6
 0.05832385122 0.05832385122 0.05832385122 0.825028447266
 0.05832385122 0.05832385122 0.05832385122 0.825028447266
 0.228364370626 0.0110649115401 0.0984863164676 0.662084404146
 0.116566170466 0.0110649115401 0.76906449018 0.103304430594
 0.0110649115401 0.0110649115401 0.19597328655 0.78189689315
 0.0110649115401 0.0110649115401 0.0110649115401 0.96680526816

MOTIF ENSG00000120658 RNAcompete
letter-probability matrix: alength= 4 w= 6
 0.343505630008 0.437938225556 0.0666728413346 0.151883307424
 0.584888576436 0.145253214253 0.226538599737 0.0433196042887
 0.0195968961574 0.119924783493 0.660548608915 0.199929710226
 0.941209310319 0.0195968961574 0.0195968961574 0.0195968961574
 0.0195968961574 0.853150122702 0.0195968961574 0.107656083774
 0.84912299226 0.0195968961574 0.111683214217 0.0195968961574

MOTIF ENSG00000103067 RNAcompete
letter-probability matrix: alength= 4 w= 6
 0.0851134560325 0.0851134560325 0.0851134560325 0.744659628993
 0.0372940434705 0.0372940434705 0.888117869425 0.0372940434705
 0.0128793620934 0.0128793620934 0.961361909928 0.0128793620934
 0.0128793620934 0.0128793620934 0.961361909928 0.0128793620934
 0.219484641829 0.0367433908141 0.707028582789 0.0367433908141
 0.716460514186 0.0367433908141 0.210052710432 0.0367433908141

MOTIF ENSG00000102081 RNAcompete
letter-probability matrix: alength= 4 w= 6
 0.110871349592 0.110871349592 0.576230667329 0.202026633316
 0.0183331335327 0.0183331335327 0.945000600587 0.0183331335327
 0.945000600587 0.0183331335327 0.0183331335327 0.0183331335327
 0.0183331335327 0.945000600587 0.0183331335327 0.0183331335327
 0.766209687874 0.0183331335327 0.197124046246 0.0183331335327
 0.499700431433 0.0414525935077 0.417394376984 0.0414525935077

MOTIF ENSG00000114416 RNAcompete
letter-probability matrix: alength= 4 w= 7
 0.594616783015 0.135127740081 0.135127740081 0.135127740081
 0.883468603473 0.0388437981172 0.0388437981172 0.0388437981172
 0.0156043133131 0.377852649233 0.0156043133131 0.590938720591
 0.0156043133131 0.0156043133131 0.953187056511 0.0156043133131
 0.86200024428 0.0156043133131 0.106791125544 0.0156043133131
 0.106791125544 0.86200024428 0.0156043133131 0.0156043133131
 0.586908215749 0.0156043133131 0.381883154075 0.0156043133131

MOTIF ENSG00000129245 RNAcompete
letter-probability matrix: alength= 4 w= 6
 0.17819350214 0.0872748171299 0.559955658612 0.174576018854
 0.0187091904614 0.0187091904614 0.943872429891 0.0187091904614
 0.943872429891 0.0187091904614 0.0187091904614 0.0187091904614
 0.0187091904614 0.943872429891 0.0187091904614 0.0187091904614
 0.390029702674 0.0187091904614 0.572551917678 0.0187091904614
 0.467654595207 0.0187091904614 0.494927025145 0.0187091904614

MOTIF ENSG00000138757 RNAcompete
letter-probability matrix: alength= 4 w= 6
 0.742366063977 0.0581777369834 0.0581777369834 0.141278459157
 0.0345082646186 0.0345082646186 0.896475201416 0.0345082646186
 0.0109308534433 0.0109308534433 0.967207439105 0.0109308534433
 0.967207439105 0.0109308534433 0.0109308534433 0.0109308534433
 0.0109308534433 0.0109308534433 0.0109308534433 0.967207439105
 0.310913414148 0.0109308534433 0.480632010561 0.197523721282

MOTIF ENSG00000135486 RNAcompete
letter-probability matrix: alength= 4 w= 6
 0.268221312683 0.0829313540794 0.272138394821 0.376708940946
 0.00960823913424 0.00960823913424 0.00960823913424 0.97117528676
 0.97117528676 0.00960823913424 0.00960823913424 0.00960823913424
 0.00960823913424 0.00960823913424 0.97117528676 0.00960823913424
 0.00960823913424 0.00960823913424 0.97117528676 0.00960823913424
 0.00960823913424 0.00960823913424 0.877684300947 0.103099224948

MOTIF ENSG00000139675 RNAcompete
letter-probability matrix: alength= 4 w= 6
 0.177970192174 0.0861306541812 0.267261810437 0.468637347084
 0.0130996148949 0.0130996148949 0.0130996148949 0.960701149832
 0.960701149832 0.0130996148949 0.0130996148949 0.0130996148949
 0.0130996148949 0.0130996148949 0.960701149832 0.0130996148949
 0.0130996148949 0.0130996148949 0.960701149832 0.0130996148949
 0.0364714854774 0.0364714854774 0.799054936958 0.128002090533

MOTIF ENSG00000122566 RNAcompete
letter-probability matrix: alength= 4 w= 6
 0.29378707246 0.106691279117 0.294856998579 0.304664654668
 0.0582383292764 0.0582383292764 0.0582383292764 0.825285010554
 0.967610692987 0.0107964367267 0.0107964367267 0.0107964367267
 0.0107964367267 0.0107964367267 0.967610692987 0.0107964367267
 0.0107964367267 0.0107964367267 0.967610692987 0.0107964367267
 0.0107964367267 0.0107964367267 0.967610692987 0.0107964367267

MOTIF ENSG00000092199 RNAcompete
letter-probability matrix: alength= 4 w= 6
 0.565810463808 0.184580241664 0.0803439636386 0.169265330645
 0.00615312633273 0.00615312633273 0.00615312633273 0.981540621551
 0.00615312633273 0.00615312633273 0.00615312633273 0.981540621551
 0.00615312633273 0.00615312633273 0.00615312633273 0.981540621551
 0.00615312633273 0.00615312633273 0.00615312633273 0.981540621551
 0.00615312633273 0.00615312633273 0.00615312633273 0.981540621551

MOTIF ENSG00000179172 RNAcompete
letter-probability matrix: alength= 4 w= 6
 0.539994101908 0.180235152084 0.0797502721051 0.200020472183
 0.00531105731435 0.00531105731435 0.00531105731435 0.984066826154
 0.00531105731435 0.00531105731435 0.00531105731435 0.984066826154
 0.00531105731435 0.00531105731435 0.00531105731435 0.984066826154
 0.00531105731435 0.00531105731435 0.00531105731435 0.984066826154
 0.00531105731435 0.00531105731435 0.00531105731435 0.984066826154

MOTIF ENSG00000126945 RNAcompete
letter-probability matrix: alength= 4 w= 6
 0.0557478958883 0.120904894179 0.767599313902 0.0557478958883
 0.0294872868826 0.0917731362911 0.849252289882 0.0294872868826
 0.0991002611618 0.0697193123164 0.825350865254 0.00582956040783
 0.760796001053 0.0697193123164 0.0703844246093 0.0991002611618
 0.00582956040783 0.0697193123164 0.81219556281 0.112255563606
 0.00582956040783 0.0697193123164 0.918621566008 0.00582956040783

MOTIF ENSG00000165119 RNAcompete
letter-probability matrix: alength= 4 w= 6
 0.109804549527 0.85603163794 0.0170819044178 0.0170819044178
 0.108255211143 0.764858331214 0.0170819044178 0.109804549527
 0.85603163794 0.0170819044178 0.0170819044178 0.109804549527
 0.593491811528 0.0170819044178 0.103135658222 0.286290622134
 0.31276083384 0.502420296283 0.0409933760285 0.143825489482
 0.0642751501391 0.807174542424 0.0642751501391 0.0642751501391

MOTIF ENSG00000104824 RNAcompete
letter-probability matrix: alength= 4 w= 6
 0.737562985258 0.146785196268 0.0578259110966 0.0578259110966
 0.191432559536 0.686074285556 0.011113771007 0.111379381229
 0.966658684307 0.011113771007 0.011113771007 0.011113771007
 0.110283262362 0.671473982242 0.011113771007 0.207128981718
 0.88412827736 0.011113771007 0.011113771007 0.0936441779544
 0.274028733616 0.703743721699 0.011113771007 0.011113771007

MOTIF ENSG00000143889 RNAcompete
letter-probability matrix: alength= 4 w= 6
 0.646437224543 0.0572514445956 0.239059885157 0.0572514445956
 0.0100372821798 0.96988814859 0.0100372821798 0.0100372821798
 0.96988814859 0.0100372821798 0.0100372821798 0.0100372821798
 0.185489095946 0.520360028279 0.0924052250478 0.201745645857
 0.75942691086 0.0100372821798 0.22049851991 0.0100372821798
 0.0100372821798 0.96988814859 0.0100372821798 0.0100372821798

MOTIF ENSG00000073792 RNAcompete
letter-probability matrix: alength= 4 w= 6
 0.564544750782 0.176611111266 0.171979417648 0.0868647226646
 0.399782829827 0.520698697278 0.03975923736 0.03975923736
 0.951032580838 0.0163224706475 0.0163224706475 0.0163224706475
 0.50702617549 0.199209200887 0.0163224706475 0.277442145755
 0.596933445232 0.109301931146 0.0163224706475 0.277442145755
 0.109301931146 0.85805312034 0.0163224706475 0.0163224706475

MOTIF ENSG00000136231 RNAcompete
letter-probability matrix: alength= 4 w= 6
 0.713391239647 0.161112421196 0.062748166328 0.062748166328
 0.396294530224 0.487741564026 0.0155883576169 0.100375553297
 0.784814912895 0.0992211813553 0.0155883576169 0.100375553297
 0.387503543901 0.298010062614 0.0155883576169 0.298898041031
 0.57599187553 0.109521730986 0.0155883576169 0.298898041031
 0.199370403639 0.769452886291 0.0155883576169 0.0155883576169

MOTIF ENSG00000121774 RNAcompete
letter-probability matrix: alength= 4 w= 6
 0.798664692158 0.0339552528239 0.0339552528239 0.13342480459
 0.00974615106708 0.00974615106708 0.00974615106708 0.970761549092
 0.884217686097 0.00974615106708 0.00974615106708 0.0962900140625
 0.970761549092 0.00974615106708 0.00974615106708 0.00974615106708
 0.878450315964 0.00974615106708 0.00974615106708 0.102057384195
 0.899438906606 0.0335203647622 0.0335203647622 0.0335203647622

MOTIF ENSG00000112232 RNAcompete
letter-probability matrix: alength= 4 w= 6
 0.357306105607 0.0824050576288 0.477883780987 0.0824050576288
 0.868569443132 0.108170637144 0.01162995723 0.01162995723
 0.01162995723 0.102158838232 0.01162995723 0.874581242044
 0.784052361042 0.01162995723 0.01162995723 0.192687719234
 0.965110123046 0.01162995723 0.01162995723 0.01162995723
 0.874969100038 0.01162995723 0.01162995723 0.101770980238

MOTIF ENSG00000131773 RNAcompete
letter-probability matrix: alength= 4 w= 7
 0.212203224239 0.129282764199 0.529231249047 0.129282764199
 0.969765715137 0.010078095261 0.010078095261 0.010078095261
 0.010078095261 0.010078095261 0.010078095261 0.969765715137
 0.969765715137 0.010078095261 0.010078095261 0.010078095261
 0.969765715137 0.010078095261 0.010078095261 0.010078095261
 0.969765715137 0.010078095261 0.010078095261 0.010078095261
 0.21121915937 0.530113980771 0.224001732799 0.0346651229531

MOTIF ENSG00000131914 RNAcompete
letter-probability matrix: alength= 4 w= 6
 0.112110035477 0.575849583429 0.112110035477 0.199930349464
 0.0617894991665 0.146185409259 0.730235588186 0.0617894991665
 0.095024025437 0.0998166033266 0.79009573646 0.0150636395841
 0.870056122313 0.0998166033266 0.0150636395841 0.0150636395841
 0.0150636395841 0.0998166033266 0.870056122313 0.0150636395841
 0.0150636395841 0.0998166033266 0.870056122313 0.0150636395841

MOTIF ENSG00000015479 RNAcompete
letter-probability matrix: alength= 4 w= 6
 0.45838070469 0.367197490311 0.0872109044564 0.0872109044564
 0.865132892167 0.0171923089037 0.0171923089037 0.100482487993
 0.100653792821 0.0171923089037 0.0171923089037 0.864961587339
 0.0171923089037 0.948423071256 0.0171923089037 0.0171923089037
 0.0171923089037 0.0171923089037 0.0171923089037 0.948423071256
 0.0171923089037 0.0171923089037 0.0171923089037 0.948423071256

MOTIF ENSG00000152601 RNAcompete
letter-probability matrix: alength= 4 w= 6
 0.31554783505 0.190241985375 0.212006636214 0.282203544734
 0.00862191426431 0.118400490309 0.864355678606 0.00862191426431
 0.00862191426431 0.864355678606 0.00862191426431 0.118400490309
 0.00862191426431 0.00862191426431 0.00862191426431 0.97413425465
 0.00862191426431 0.00862191426431 0.00862191426431 0.97413425465
 0.115568019139 0.03294989968 0.818532180693 0.03294989968

MOTIF ENSG00000135097 RNAcompete
letter-probability matrix: alength= 4 w= 6
 0.0573908450323 0.0573908450323 0.0573908450323 0.827827466202
 0.968267430564 0.010577523921 0.010577523921 0.010577523921
 0.010577523921 0.010577523921 0.968267430564 0.010577523921
 0.124088616708 0.103802801092 0.115982277003 0.656126307524
 0.43663143739 0.010577523921 0.010577523921 0.542213517095
 0.559228530097 0.0340974027387 0.372576666012 0.0340974027387

MOTIF ENSG00000070756 RNAcompete
letter-probability matrix: alength= 4 w= 6
 0.757581138094 0.0808062882916 0.0808062882916 0.0808062882916
 0.326151017023 0.123042401487 0.518076580241 0.0327300042076
 0.974428180192 0.00852393919768 0.00852393919768 0.00852393919768
 0.974428180192 0.00852393919768 0.00852393919768 0.00852393919768
 0.974428180192 0.00852393919768 0.00852393919768 0.00852393919768
 0.772857397359 0.119943631516 0.0986750297126 0.00852393919768

MOTIF ENSG00000151846 RNAcompete
letter-probability matrix: alength= 4 w= 6
 0.264222341593 0.0828188627958 0.570139930426 0.0828188627958
 0.964958655249 0.011680446849 0.011680446849 0.011680446849
 0.964958655249 0.011680446849 0.011680446849 0.011680446849
 0.964958655249 0.011680446849 0.011680446849 0.011680446849
 0.964958655249 0.011680446849 0.011680446849 0.011680446849
 0.0952002235506 0.800606449822 0.011680446849 0.0925128755743

MOTIF ENSG00000090621 RNAcompete
letter-probability matrix: alength= 4 w= 6
 0.778437101049 0.103079871719 0.110525483305 0.00795754047384
 0.790962791374 0.103881309077 0.097198355622 0.00795754047384
 0.976127375125 0.00795754047384 0.00795754047384 0.00795754047384
 0.976127375125 0.00795754047384 0.00795754047384 0.00795754047384
 0.976127375125 0.00795754047384 0.00795754047384 0.00795754047384
 0.684736674795 0.111016686847 0.103752044987 0.100494589918

MOTIF ENSG00000174740 RNAcompete
letter-probability matrix: alength= 4 w= 6
 0.75494353359 0.0816854907602 0.0816854907602 0.0816854907602
 0.201445824089 0.0365941808674 0.725365811205 0.0365941808674
 0.960027197747 0.0133242685669 0.0133242685669 0.0133242685669
 0.960027197747 0.0133242685669 0.0133242685669 0.0133242685669
 0.960027197747 0.0133242685669 0.0133242685669 0.0133242685669
 0.463978197155 0.111675242999 0.196267479391 0.228079083903

MOTIF ENSG00000100836 RNAcompete
letter-probability matrix: alength= 4 w= 6
 0.974659063714 0.00844697756162 0.00844697756162 0.00844697756162
 0.283085945567 0.00844697756162 0.700020095709 0.00844697756162
 0.974659063714 0.00844697756162 0.00844697756162 0.00844697756162
 0.974659063714 0.00844697756162 0.00844697756162 0.00844697756162
 0.193759322125 0.0955764367951 0.702217259917 0.00844697756162
 0.974659063714 0.00844697756162 0.00844697756162 0.00844697756162

MOTIF ENSG00000169564 RNAcompete
letter-probability matrix: alength= 4 w= 6
 0.060777130335 0.817668603529 0.060777130335 0.060777130335
 0.102003277503 0.86866252123 0.0146671003826 0.0146671003826
 0.291028483512 0.110004579925 0.0146671003826 0.584299835678
 0.373745352018 0.0146671003826 0.0146671003826 0.596920446715
 0.384798697632 0.191566621278 0.0146671003826 0.408967580206
 0.0146671003826 0.955998698351 0.0146671003826 0.0146671003826

MOTIF ENSG00000197111 RNAcompete
letter-probability matrix: alength= 4 w= 6
 0.0463195138239 0.779292093388 0.0463195138239 0.128068869766
 0.0241444696899 0.763613049142 0.0241444696899 0.188098000096
 0.0241444696899 0.311333882445 0.0241444696899 0.640377166793
 0.105624137096 0.311333882445 0.0241444696899 0.558897499387
 0.10803861211 0.734923404862 0.0241444696899 0.132893501956
 0.0241444696899 0.927566579548 0.0241444696899 0.0241444696899

MOTIF ENSG00000148840 RNAcompete
letter-probability matrix: alength= 4 w= 6
 0.0869664872742 0.360842894196 0.465224124251 0.0869664872742
 0.0185059653054 0.572626211949 0.297104793736 0.111763023699
 0.0185059653054 0.205899342154 0.757088721924 0.0185059653054
 0.0185059653054 0.944482098773 0.0185059653054 0.0185059653054
 0.0185059653054 0.109711416887 0.853276647191 0.0185059653054
 0.0185059653054 0.856793687439 0.106194376639 0.0185059653054

MOTIF ENSG00000011304 RNAcompete
letter-probability matrix: alength= 4 w= 6
 0.242167906484 0.538757814116 0.0620047828925 0.157069502777
 0.0386394043102 0.2188755234 0.0386394043102 0.703845667851
 0.0153006866459 0.0153006866459 0.0153006866459 0.954097937591
 0.0153006866459 0.0153006866459 0.0153006866459 0.954097937591
 0.0153006866459 0.109172440257 0.0153006866459 0.86022618398
 0.0153006866459 0.675671270221 0.0153006866459 0.293727354016

MOTIF ENSG00000112531 RNAcompete
letter-probability matrix: alength= 4 w= 6
 0.824349987341 0.058550003596 0.058550003596 0.058550003596
 0.0146857902482 0.955942627034 0.0146857902482 0.0146857902482
 0.0146857902482 0.0146857902482 0.0146857902482 0.955942627034
 0.955942627034 0.0146857902482 0.0146857902482 0.0146857902482
 0.955942627034 0.0146857902482 0.0146857902482 0.0146857902482
 0.0146857902482 0.820842135004 0.0146857902482 0.149786282278

MOTIF ENSG00000125970 RNAcompete
letter-probability matrix: alength= 4 w= 6
 0.120423343333 0.0303640190994 0.0303640190994 0.818848617321
 0.00604678406506 0.00604678406506 0.00604678406506 0.981859645997
 0.00604678406506 0.00604678406506 0.00604678406506 0.981859645997
 0.00604678406506 0.00604678406506 0.00604678406506 0.981859645997
 0.00604678406506 0.00604678406506 0.00604678406506 0.981859645997
 0.00604678406506 0.0933295544413 0.0951580423584 0.805465617327

MOTIF ENSG00000078328 RNAcompete
letter-probability matrix: alength= 4 w= 6
 0.312096560382 0.0517475986103 0.0517475986103 0.584408242979
 0.00421844578612 0.00421844578612 0.987344662644 0.00421844578612
 0.00421844578612 0.987344662644 0.00421844578612 0.00421844578612
 0.987344662644 0.00421844578612 0.00421844578612 0.00421844578612
 0.00421844578612 0.00421844578612 0.00421844578612 0.987344662644
 0.00421844578612 0.00421844578612 0.987344662644 0.00421844578612

MOTIF ENSG00000239306 RNAcompete
letter-probability matrix: alength= 4 w= 6
 0.0547719353224 0.0547719353224 0.835684192518 0.0547719353224
 0.00643115088969 0.98070654855 0.00643115088969 0.00643115088969
 0.00643115088969 0.00643115088969 0.98070654855 0.00643115088969
 0.00643115088969 0.893047559738 0.0940901397011 0.00643115088969
 0.00643115088969 0.0940901397011 0.893047559738 0.00643115088969
 0.00643115088969 0.22171430864 0.678504736349 0.0933498053398

MOTIF ENSG00000112183 RNAcompete
letter-probability matrix: alength= 4 w= 6
 0.471803938428 0.0812586920384 0.0812586920384 0.365678677405
 0.00906281132739 0.00906281132739 0.972811566174 0.00906281132739
 0.292600891493 0.00906281132739 0.00906281132739 0.689273486008
 0.00906281132739 0.00906281132739 0.972811566174 0.00906281132739
 0.00906281132739 0.00906281132739 0.00906281132739 0.972811566174
 0.00906281132739 0.00906281132739 0.972811566174 0.00906281132739

MOTIF ENSG00000106344 RNAcompete
letter-probability matrix: alength= 4 w= 6
 0.0802122581798 0.0802122581798 0.759363224791 0.0802122581798
 0.512927721784 0.0355646809337 0.0355646809337 0.41594291061
 0.0122004118713 0.0122004118713 0.96339876547 0.0122004118713
 0.0122004118713 0.0122004118713 0.0122004118713 0.96339876547
 0.96339876547 0.0122004118713 0.0122004118713 0.0122004118713
 0.0122004118713 0.0122004118713 0.96339876547 0.0122004118713

MOTIF ENSG00000102317 RNAcompete
letter-probability matrix: alength= 4 w= 6
 0.169305997055 0.0824047674716 0.665884473059 0.0824047674716
 0.719593993509 0.0367687437589 0.206868525493 0.0367687437589
 0.184494469047 0.0133316901581 0.191715079 0.610458758786
 0.960004926516 0.0133316901581 0.0133316901581 0.0133316901581
 0.191715079 0.781621537674 0.0133316901581 0.0133316901581
 0.125075037121 0.036547077043 0.597009060219 0.24136882568

MOTIF ENSG00000089682 RNAcompete
letter-probability matrix: alength= 4 w= 6
 0.446003404503 0.0566725164453 0.0566725164453 0.440651566392
 0.00901702888447 0.00901702888447 0.00901702888447 0.972948908921
 0.972948908921 0.00901702888447 0.00901702888447 0.00901702888447
 0.00901702888447 0.972948908921 0.00901702888447 0.00901702888447
 0.582865397027 0.00901702888447 0.00901702888447 0.399100540778
 0.00901702888447 0.00901702888447 0.00901702888447 0.972948908921

MOTIF ENSG00000126254 RNAcompete
letter-probability matrix: alength= 4 w= 6
 0.762509870175 0.0791633768216 0.0791633768216 0.0791633768216
 0.974051961825 0.00864934515938 0.00864934515938 0.00864934515938
 0.00864934515938 0.974051961825 0.00864934515938 0.00864934515938
 0.00864934515938 0.00864934515938 0.00864934515938 0.974051961825
 0.974051961825 0.00864934515938 0.00864934515938 0.00864934515938
 0.521991671568 0.317983267747 0.0325968476589 0.127428216293

MOTIF ENSG00000151962 RNAcompete
letter-probability matrix: alength= 4 w= 6
 0.713699488134 0.035555553418 0.21518940746 0.035555553418
 0.965895813425 0.0113680604769 0.0113680604769 0.0113680604769
 0.0113680604769 0.0113680604769 0.0113680604769 0.965895813425
 0.0113680604769 0.597893530121 0.37937034378 0.0113680604769
 0.965895813425 0.0113680604769 0.0113680604769 0.0113680604769
 0.60308277067 0.0359046814182 0.131204930574 0.229807612362

MOTIF ENSG00000003756 RNAcompete
letter-probability matrix: alength= 4 w= 6
 0.063447529868 0.270051416875 0.603053516488 0.063447529868
 0.878566052954 0.0404779808168 0.0404779808168 0.0404779808168
 0.668123496967 0.106939882795 0.118834373937 0.106102242574
 0.0173461894732 0.196701104161 0.768606513165 0.0173461894732
 0.0173461894732 0.107107410839 0.858200206487 0.0173461894732
 0.700285216186 0.0404577148206 0.218799362515 0.0404577148206

MOTIF ENSG00000004534 RNAcompete
letter-probability matrix: alength= 4 w= 6
 0.457687607025 0.278486995143 0.0863405493602 0.17748485384
 0.860464297674 0.0159858130385 0.0159858130385 0.107564075509
 0.0159858130385 0.0159858130385 0.0159858130385 0.952042560145
 0.0159858130385 0.952042560145 0.0159858130385 0.0159858130385
 0.0159858130385 0.952042560145 0.0159858130385 0.0159858130385
 0.952042560145 0.0159858130385 0.0159858130385 0.0159858130385

MOTIF ENSG00000265241 RNAcompete
letter-probability matrix: alength= 4 w= 6
 0.194887459259 0.112872645148 0.579367260796 0.112872645148
 0.0209711043138 0.669653480855 0.0209711043138 0.288404317
 0.0209711043138 0.0989011690249 0.85915662883 0.0209711043138
 0.0209711043138 0.85915662883 0.0989011690249 0.0209711043138
 0.0209711043138 0.0989011690249 0.85915662883 0.0209711043138
 0.0209711043138 0.846311112655 0.1117466852 0.0209711043138

MOTIF ENSG00000153250 RNAcompete
letter-probability matrix: alength= 4 w= 6
 0.107772921909 0.107772921909 0.193821329216 0.590632822279
 0.962900946692 0.0123663508181 0.0123663508181 0.0123663508181
 0.0123663508181 0.0123663508181 0.0123663508181 0.962900946692
 0.962900946692 0.0123663508181 0.0123663508181 0.0123663508181
 0.103668114593 0.109818435597 0.127039334409 0.659474114547
 0.756926199326 0.218341098184 0.0123663508181 0.0123663508181

MOTIF ENSG00000144642 RNAcompete
letter-probability matrix: alength= 4 w= 6
 0.582687365633 0.202666001401 0.107323318361 0.107323318361
 0.0117134313701 0.108039792523 0.0117134313701 0.868533344795
 0.964859705948 0.0117134313701 0.0117134313701 0.0117134313701
 0.0117134313701 0.0117134313701 0.0117134313701 0.964859705948
 0.964859705948 0.0117134313701 0.0117134313701 0.0117134313701
 0.10435169925 0.105547837609 0.217822710215 0.572277752985

MOTIF ENSG00000020577 RNAcompete
letter-probability matrix: alength= 4 w= 6
 0.00613877521514 0.00613877521514 0.981583671321 0.00613877521514
 0.00613877521514 0.981583671321 0.00613877521514 0.00613877521514
 0.100156220736 0.00613877521514 0.272747551674 0.620957449341
 0.00613877521514 0.00613877521514 0.981583671321 0.00613877521514
 0.00613877521514 0.00613877521514 0.981583671321 0.00613877521514
 0.389693808517 0.368338726115 0.105647410277 0.136320057384

MOTIF ENSG00000075856 RNAcompete
letter-probability matrix: alength= 4 w= 6
 0.757020210373 0.0809932638995 0.0809932638995 0.0809932638995
 0.327083213502 0.123145388734 0.516828233031 0.032943161035
 0.973795858185 0.00873471488222 0.00873471488222 0.00873471488222
 0.973795858185 0.00873471488222 0.00873471488222 0.00873471488222
 0.973795858185 0.00873471488222 0.00873471488222 0.00873471488222
 0.772119715627 0.120614436206 0.0985311361171 0.00873471488222

MOTIF ENSG00000116560 RNAcompete
letter-probability matrix: alength= 4 w= 6
 0.0884462720066 0.0884462720066 0.643731287282 0.179376168621
 0.0426864246499 0.0426864246499 0.134522257839 0.780104887899
 0.483217102884 0.0191687652791 0.390884609855 0.106729513397
 0.193813087024 0.0191687652791 0.680606742043 0.106411397069
 0.121680980788 0.0191687652791 0.106729513397 0.752420731951
 0.0419317486497 0.0419317486497 0.591886975063 0.324249525896

MOTIF ENSG00000104852 RNAcompete
letter-probability matrix: alength= 4 w= 6
 0.289450300008 0.105282517644 0.499984661807 0.105282517644
 0.616181867786 0.0352017982465 0.0352017982465 0.313414531801
 0.0116830266815 0.0116830266815 0.0116830266815 0.964950925676
 0.0116830266815 0.964950925676 0.0116830266815 0.0116830266815
 0.964950925676 0.0116830266815 0.0116830266815 0.0116830266815
 0.964950925676 0.0116830266815 0.0116830266815 0.0116830266815

MOTIF ENSG00000077312 RNAcompete
letter-probability matrix: alength= 4 w= 6
 0.264248555368 0.080354456286 0.080354456286 0.575042528673
 0.192828348938 0.00881119863167 0.00881119863167 0.789549256169
 0.00881119863167 0.00881119863167 0.973566406475 0.00881119863167
 0.00881119863167 0.973566406475 0.00881119863167 0.00881119863167
 0.973566406475 0.00881119863167 0.00881119863167 0.00881119863167
 0.00881119863167 0.973566406475 0.00881119863167 0.00881119863167

MOTIF ENSG00000136450 RNAcompete
letter-probability matrix: alength= 4 w= 6
 0.0330064741348 0.0330064741348 0.900980581182 0.0330064741348
 0.26359405357 0.00945149550163 0.717502956598 0.00945149550163
 0.890570775745 0.00945149550163 0.00945149550163 0.0905262344229
 0.00945149550163 0.10396799902 0.762919910172 0.123660596478
 0.00945149550163 0.00945149550163 0.971645514667 0.00945149550163
 0.762919910172 0.00945149550163 0.218177099996 0.00945149550163

MOTIF ENSG00000188529 RNAcompete
letter-probability matrix: alength= 4 w= 6
 0.883916226491 0.097811480005 0.00913614513549 0.00913614513549
 0.285324025457 0.00913614513549 0.696403681038 0.00913614513549
 0.890193241997 0.00913614513549 0.0915344644986 0.00913614513549
 0.100490693941 0.00913614513549 0.881237012555 0.00913614513549
 0.696403681038 0.00913614513549 0.285324025457 0.00913614513549
 0.300576407648 0.116336330646 0.573951113337 0.00913614513549

MOTIF ENSG00000161547 RNAcompete
letter-probability matrix: alength= 4 w= 7
 0.607397525564 0.130867491829 0.130867491829 0.130867491829
 0.0164197322293 0.0164197322293 0.950740800259 0.0164197322293
 0.0164197322293 0.0164197322293 0.950740800259 0.0164197322293
 0.859714959445 0.0164197322293 0.0164197322293 0.107445573043
 0.0164197322293 0.0164197322293 0.950740800259 0.0164197322293
 0.582607237811 0.0164197322293 0.105193402905 0.295779624002
 0.304847572189 0.0164197322293 0.389709578941 0.289023113588

MOTIF ENSG00000115875 RNAcompete
letter-probability matrix: alength= 4 w= 7
 0.203253094216 0.126506578204 0.543733751829 0.126506578204
 0.77073854682 0.076420483562 0.076420483562 0.076420483562
 0.00852837899557 0.974414859209 0.00852837899557 0.00852837899557
 0.00852837899557 0.00852837899557 0.974414859209 0.00852837899557
 0.974414859209 0.00852837899557 0.00852837899557 0.00852837899557
 0.00852837899557 0.974414859209 0.00852837899557 0.00852837899557
 0.152686398834 0.0571645056273 0.732984592797 0.0571645056273

MOTIF ENSG00000111786 RNAcompete
letter-probability matrix: alength= 4 w= 6
 0.0830920804931 0.0830920804931 0.661491291224 0.172324547975
 0.037277353263 0.037277353263 0.888167943149 0.037277353263
 0.546572640561 0.0140739705939 0.425279415407 0.0140739705939
 0.503529941869 0.11057199489 0.0140739705939 0.371824089803
 0.0140739705939 0.0140739705939 0.957778085374 0.0140739705939
 0.0915673394697 0.242353562715 0.652005124377 0.0140739705939

MOTIF ENSG00000120948 RNAcompete
letter-probability matrix: alength= 4 w= 7
 0.323700271419 0.129601294234 0.222720113746 0.323978325181
 0.01027828878 0.01027828878 0.969165130453 0.01027828878
 0.782535336693 0.01027828878 0.108149347574 0.099037023747
 0.969165130453 0.01027828878 0.01027828878 0.01027828878
 0.01027828878 0.01027828878 0.01027828878 0.969165130453
 0.01027828878 0.01027828878 0.969165130453 0.01027828878
 0.637314590354 0.0584216346958 0.148502516294 0.15576125955

MOTIF ENSG00000116001 RNAcompete
letter-probability matrix: alength= 4 w= 6
 0.217648333949 0.125438051274 0.0343102638228 0.622603347883
 0.0101956190608 0.0101956190608 0.0101956190608 0.969413144078
 0.0992463255303 0.0101956190608 0.0101956190608 0.880362437609
 0.0101956190608 0.0101956190608 0.0101956190608 0.969413144078
 0.0101956190608 0.0101956190608 0.0101956190608 0.969413144078
 0.0101956190608 0.0101956190608 0.106243551039 0.8733652121

MOTIF ENSG00000149016 RNAcompete
letter-probability matrix: alength= 4 w= 6
 0.199424614722 0.575804567268 0.112385411831 0.112385411831
 0.213060514298 0.112385411831 0.562168667692 0.112385411831
 0.866619154618 0.044460278939 0.044460278939 0.044460278939
 0.0217296766083 0.0217296766083 0.0217296766083 0.934810973285
 0.934810973285 0.0217296766083 0.0217296766083 0.0217296766083
 0.0676404753355 0.707759806227 0.0676404753355 0.156959250407

MOTIF ENSG00000063244 RNAcompete
letter-probability matrix: alength= 4 w= 6
 0.134653715333 0.130355700786 0.0534142563094 0.681576325476
 0.00575932442111 0.00575932442111 0.00575932442111 0.982722029587
 0.00575932442111 0.00575932442111 0.00575932442111 0.982722029587
 0.00575932442111 0.00575932442111 0.00575932442111 0.982722029587
 0.00575932442111 0.0980410203842 0.00575932442111 0.890440333623
 0.00575932442111 0.327792013557 0.00575932442111 0.66068934045

MOTIF ENSG00000065978 RNAcompete
letter-probability matrix: alength= 4 w= 6
 0.906348608959 0.0312171297915 0.0312171297915 0.0312171297915
 0.753416547467 0.23132574407 0.00762885242362 0.00762885242362
 0.00762885242362 0.977113439113 0.00762885242362 0.00762885242362
 0.977113439113 0.00762885242362 0.00762885242362 0.00762885242362
 0.00762885242362 0.192342019516 0.00762885242362 0.792400272021
 0.00762885242362 0.977113439113 0.00762885242362 0.00762885242362

MOTIF ENSG00000006047 RNAcompete
letter-probability matrix: alength= 4 w= 6
 0.881092803284 0.00966555329803 0.0995760910664 0.00966555329803
 0.881092803284 0.00966555329803 0.0995760910664 0.00966555329803
 0.00966555329803 0.881092803284 0.0995760910664 0.00966555329803
 0.971003341052 0.00966555329803 0.00966555329803 0.00966555329803
 0.4975676001 0.00966555329803 0.0995760910664 0.393190756482
 0.00966555329803 0.971003341052 0.00966555329803 0.00966555329803

MOTIF ENSG00000135482 RNAcompete
letter-probability matrix: alength= 4 w= 6
 0.0992135281374 0.273470994803 0.528101949686 0.0992135281374
 0.135667375609 0.572736649256 0.237931945223 0.0536640282547
 0.821282277858 0.118722133426 0.0299977930623 0.0299977930623
 0.00587389698274 0.00587389698274 0.982378308905 0.00587389698274
 0.00587389698274 0.982378308905 0.00587389698274 0.00587389698274
 0.0306711405157 0.0306711405157 0.907986581424 0.0306711405157

MOTIF ENSG00000139168 RNAcompete
letter-probability matrix: alength= 4 w= 7
 0.123626541526 0.123626541526 0.629120372019 0.123626541526
 0.636223676222 0.0319957733016 0.213909974747 0.117870572332
 0.492981204435 0.302090611777 0.0080358142742 0.196892370229
 0.0080358142742 0.0080358142742 0.0080358142742 0.975892557892
 0.0080358142742 0.0080358142742 0.0080358142742 0.975892557892
 0.975892557892 0.0080358142742 0.0080358142742 0.0080358142742
 0.975892557892 0.0080358142742 0.0080358142742 0.0080358142742

MOTIF ENSG00000075292 RNAcompete
letter-probability matrix: alength= 4 w= 6
 0.0907682404907 0.180151857141 0.178181657881 0.550898248192
 0.0199239224943 0.0199239224943 0.854568986609 0.105583168148
 0.0199239224943 0.0199239224943 0.0199239224943 0.940228232262
 0.0199239224943 0.0199239224943 0.129432524973 0.830719629784
 0.0199239224943 0.572492640799 0.387659513958 0.0199239224943
 0.0199239224943 0.0199239224943 0.656334792599 0.303817362157
